5223.0000  0.
5223.4514  0.
5223.9028  0.
5224.3542  0.
5224.8056  0.
5225.2570  0.
5225.7084  0.
5226.1598  2.738340E-16
5226.6112  0.
5227.0626  0.
5227.5140  9.209789E-16
5227.9654  0.
5228.4168  0.
5228.8682  0.
5229.3196  0.
5229.7710  0.
5230.2224  4.963667E-16
5230.6738  8.099881E-16
5231.1252  0.
5231.5766  0.
5232.0280  0.
5232.4794  0.
5232.9308  0.
5233.3822  0.
5233.8336  0.
5234.2850  0.
5234.7364  1.053436E-15
5235.1878  0.
5235.6392  0.
5236.0906  0.
5236.5420  0.
5236.9934  0.
5237.4448  0.
5237.8962  1.090752E-15
5238.3476  0.
5238.7990  0.
5239.2504  0.
5239.7018  0.
5240.1532  0.
5240.6046  0.
5241.0560  0.
5241.5074  1.371013E-15
5241.9588  0.
5242.4102  0.
5242.8616  0.
5243.3130  0.
5243.7644  9.981584E-16
5244.2158  0.
5244.6672  0.
5245.1186  0.
5245.5700  0.
5246.0214  3.977661E-16
5246.4728  1.076175E-15
5246.9242  0.
5247.3756  0.
5247.8270  0.
5248.2784  0.
5248.7298  0.
5249.1812  0.
5249.6326  0.
5250.0840  0.
5250.5354  0.
5250.9868  0.
5251.4382  0.
5251.8896  0.
5252.3410  0.
5252.7924  0.
5253.2438  0.
5253.6952  1.208160E-15
5254.1466  0.
5254.5980  0.
5255.0494  0.
5255.5008  4.605477E-16
5255.9522  0.
5256.4036  0.
5256.8550  0.
5257.3064  0.
5257.7578  0.
5258.2092  0.
5258.6606  0.
5259.1120  3.373893E-15
5259.5634  4.550509E-16
5260.0148  1.735669E-15
5260.4662  1.123103E-15
5260.9176  1.507274E-15
5261.3690  3.602726E-16
5261.8204  2.764164E-16
5262.2718  5.514007E-16
5262.7232  6.437243E-16
5263.1746  3.953782E-16
5263.6260  3.194758E-16
5264.0774  3.190043E-15
5264.5288  1.450825E-15
5264.9802  3.028594E-15
5265.4316  3.519678E-15
5265.8830  2.417009E-15
5266.3344  1.700256E-15
5266.7858  7.730340E-15
5267.2372  4.334853E-15
5267.6886  5.868144E-15
5268.1400  5.562190E-15
5268.5914  2.554711E-15
5269.0428  6.779971E-15
5269.4942  1.565864E-14
5269.9456  8.662089E-15
5270.3970  7.397614E-15
5270.8484  5.938452E-15
5271.2998  2.895244E-14
5271.7512  1.146643E-14
5272.2026  8.480651E-15
5272.6540  7.268330E-15
5273.1054  1.449402E-14
5273.5568  8.251308E-15
5274.0082  1.224719E-14
5274.4596  2.315923E-14
5274.9110  1.486124E-14
5275.3624  9.492434E-15
5275.8138  1.047534E-14
5276.2652  1.251678E-14
5276.7166  1.089614E-14
5277.1680  7.462199E-15
5277.6194  8.527080E-15
5278.0708  1.061336E-14
5278.5222  1.123480E-14
5278.9736  8.920087E-15
5279.4250  7.843024E-15
5279.8764  1.169083E-14
5280.3278  8.692870E-15
5280.7792  1.146488E-14
5281.2306  9.966512E-15
5281.6820  1.147566E-14
5282.1334  8.919346E-15
5282.5848  7.672861E-15
5283.0362  8.686485E-15
5283.4876  1.124907E-14
5283.9390  8.925511E-15
5284.3904  1.046360E-14
5284.8418  6.954528E-15
5285.2932  8.609666E-15
5285.7446  9.721248E-15
5286.1960  8.957013E-15
5286.6474  1.136493E-14
5287.0988  1.049324E-14
5287.5502  1.142999E-14
5288.0016  1.155509E-14
5288.4530  9.429588E-15
5288.9044  8.935638E-15
5289.3558  8.821890E-15
5289.8072  9.036496E-15
5290.2586  9.292198E-15
5290.7100  1.209092E-14
5291.1614  1.190236E-14
5291.6128  1.016044E-14
5292.0642  8.801484E-15
5292.5156  1.207031E-14
5292.9670  9.388240E-15
5293.4184  1.163630E-14
5293.8698  1.024415E-14
5294.3212  8.552243E-15
5294.7726  9.253027E-15
5295.2240  9.358840E-15
5295.6754  7.983000E-15
5296.1268  8.096116E-15
5296.5782  9.444602E-15
5297.0296  1.064102E-14
5297.4810  1.015686E-14
5297.9324  8.341995E-15
5298.3838  8.833909E-15
5298.8352  7.146256E-15
5299.2866  6.747174E-15
5299.7380  8.086813E-15
5300.1894  8.915634E-15
5300.6408  8.565639E-15
5301.0922  7.876716E-15
5301.5436  7.844736E-15
5301.9950  8.551442E-15
5302.4464  8.149334E-15
5302.8978  6.404711E-15
5303.3492  7.132031E-15
5303.8006  7.602610E-15
5304.2520  1.068854E-14
5304.7034  7.428249E-15
5305.1548  8.211974E-15
5305.6062  9.703030E-15
5306.0576  6.966866E-15
5306.5090  9.826876E-15
5306.9604  9.141081E-15
5307.4118  8.848306E-15
5307.8632  8.846607E-15
5308.3146  1.013738E-14
5308.7660  8.092363E-15
5309.2174  7.372104E-15
5309.6688  9.733835E-15
5310.1202  9.317625E-15
5310.5716  8.448266E-15
5311.0230  9.347719E-15
5311.4744  1.043211E-14
5311.9258  7.403095E-15
5312.3772  7.531860E-15
5312.8286  8.954811E-15
5313.2800  7.439862E-15
5313.7314  7.557918E-15
5314.1828  8.959852E-15
5314.6342  6.488985E-15
5315.0856  8.586634E-15
5315.5370  8.329278E-15
5315.9884  1.018665E-14
5316.4398  8.129635E-15
5316.8912  6.834138E-15
5317.3426  7.985105E-15
5317.7940  8.102328E-15
5318.2454  9.424027E-15
5318.6968  6.699756E-15
5319.1482  7.108578E-15
5319.5996  7.336939E-15
5320.0510  9.731086E-15
5320.5024  1.082002E-14
5320.9538  7.343077E-15
5321.4052  7.829009E-15
5321.8566  7.341895E-15
5322.3080  7.261170E-15
5322.7594  7.310094E-15
5323.2108  8.415612E-15
5323.6622  6.378778E-15
5324.1136  6.291935E-15
5324.5650  8.069918E-15
5325.0164  7.953026E-15
5325.4678  5.891282E-15
5325.9192  6.996634E-15
5326.3706  6.203914E-15
5326.8220  8.348318E-15
5327.2734  6.959874E-15
5327.7248  6.599008E-15
5328.1762  7.106641E-15
5328.6276  6.042408E-15
5329.0790  6.145219E-15
5329.5304  6.620885E-15
5329.9818  7.461379E-15
5330.4332  5.685521E-15
5330.8846  6.988156E-15
5331.3360  5.787829E-15
5331.7874  7.326579E-15
5332.2388  8.698259E-15
5332.6902  7.879885E-15
5333.1416  9.650862E-15
5333.5930  7.147571E-15
5334.0444  6.512481E-15
5334.4958  7.812652E-15
5334.9472  7.663044E-15
5335.3986  7.577279E-15
5335.8500  7.213997E-15
5336.3014  9.336387E-15
5336.7528  1.075374E-14
5337.2042  1.046535E-14
5337.6556  9.060056E-15
5338.1070  7.317103E-15
5338.5584  6.520040E-15
5339.0098  7.684676E-15
5339.4612  7.851826E-15
5339.9126  7.846474E-15
5340.3640  5.338001E-15
5340.8154  7.055437E-15
5341.2668  7.871486E-15
5341.7182  6.997876E-15
5342.1696  6.595035E-15
5342.6210  5.852680E-15
5343.0724  5.956989E-15
5343.5238  6.268405E-15
5343.9752  6.186587E-15
5344.4266  5.937469E-15
5344.8780  6.583114E-15
5345.3294  6.087366E-15
5345.7808  6.759434E-15
5346.2322  7.900452E-15
5346.6836  6.281145E-15
5347.1350  6.273548E-15
5347.5864  6.674085E-15
5348.0378  6.174333E-15
5348.4892  5.546294E-15
5348.9406  5.434194E-15
5349.3920  5.229149E-15
5349.8434  5.911557E-15
5350.2948  5.253156E-15
5350.7462  5.899709E-15
5351.1976  6.567892E-15
5351.6490  5.706416E-15
5352.1004  5.771116E-15
5352.5518  5.670754E-15
5353.0032  5.592737E-15
5353.4546  5.879466E-15
5353.9060  5.363789E-15
5354.3574  5.080244E-15
5354.8088  5.848923E-15
5355.2602  7.671462E-15
5355.7116  8.479520E-15
5356.1630  5.192742E-15
5356.6144  6.544498E-15
5357.0658  7.114002E-15
5357.5172  6.744701E-15
5357.9686  6.018048E-15
5358.4200  5.553563E-15
5358.8714  6.472651E-15
5359.3228  4.878441E-15
5359.7742  5.064540E-15
5360.2256  5.450412E-15
5360.6770  5.160880E-15
5361.1284  5.415503E-15
5361.5798  4.877359E-15
5362.0312  5.537696E-15
5362.4826  5.475744E-15
5362.9340  5.629791E-15
5363.3854  4.526603E-15
5363.8368  6.458943E-15
5364.2882  5.525554E-15
5364.7396  6.008958E-15
5365.1910  6.191142E-15
5365.6424  6.519419E-15
5366.0938  7.410740E-15
5366.5452  4.769244E-15
5366.9966  4.971843E-15
5367.4480  6.915148E-15
5367.8994  7.468320E-15
5368.3508  6.574806E-15
5368.8022  6.516362E-15
5369.2536  5.397460E-15
5369.7050  6.358786E-15
5370.1564  6.621946E-15
5370.6078  6.361384E-15
5371.0592  6.318676E-15
5371.5106  7.228066E-15
5371.9620  5.937051E-15
5372.4134  5.803696E-15
5372.8648  5.009249E-15
5373.3162  4.865755E-15
5373.7676  7.123568E-15
5374.2190  5.617572E-15
5374.6704  5.593473E-15
5375.1218  6.949252E-15
5375.5732  5.949369E-15
5376.0246  5.931033E-15
5376.4760  5.222598E-15
5376.9274  5.035332E-15
5377.3788  5.505732E-15
5377.8302  5.476798E-15
5378.2816  5.131728E-15
5378.7330  5.287381E-15
5379.1844  5.583067E-15
5379.6358  6.105004E-15
5380.0872  5.941425E-15
5380.5386  3.788329E-15
5380.9900  4.223715E-15
5381.4414  4.766425E-15
5381.8928  4.834955E-15
5382.3442  3.941840E-15
5382.7956  4.674510E-15
5383.2470  5.129805E-15
5383.6984  4.718341E-15
5384.1498  6.014095E-15
5384.6012  5.263961E-15
5385.0526  5.031958E-15
5385.5040  3.443076E-15
5385.9554  3.833890E-15
5386.4068  3.478910E-15
5386.8582  5.099418E-15
5387.3096  6.445994E-15
5387.7610  5.471378E-15
5388.2124  5.688293E-15
5388.6638  5.006575E-15
5389.1152  5.153306E-15
5389.5666  4.876028E-15
5390.0180  4.630115E-15
5390.4694  5.658070E-15
5390.9208  5.097502E-15
5391.3722  6.046413E-15
5391.8236  5.230235E-15
5392.2750  5.486661E-15
5392.7264  5.489737E-15
5393.1778  6.096244E-15
5393.6292  4.023903E-15
5394.0806  5.004038E-15
5394.5320  4.397024E-15
5394.9834  4.534087E-15
5395.4348  5.290712E-15
5395.8862  4.525011E-15
5396.3376  5.048772E-15
5396.7890  6.487923E-15
5397.2404  6.625690E-15
5397.6918  5.954410E-15
5398.1432  5.988418E-15
5398.5946  5.104131E-15
5399.0460  5.458960E-15
5399.4974  4.413005E-15
5399.9488  5.549854E-15
5400.4002  5.572372E-15
5400.8516  5.008009E-15
5401.3030  5.634984E-15
5401.7544  4.666110E-15
5402.2058  5.468456E-15
5402.6572  3.864345E-15
5403.1086  5.777255E-15
5403.5600  5.796053E-15
5404.0114  3.711227E-15
5404.4628  4.054947E-15
5404.9142  4.296033E-15
5405.3656  4.790341E-15
5405.8170  3.915927E-15
5406.2684  4.821379E-15
5406.7198  4.449659E-15
5407.1712  5.028241E-15
5407.6226  5.518581E-15
5408.0740  5.244303E-15
5408.5254  4.411159E-15
5408.9768  4.522180E-15
5409.4282  4.348531E-15
5409.8796  4.433999E-15
5410.3310  4.990986E-15
5410.7824  5.216889E-15
5411.2338  5.731449E-15
5411.6852  1.443587E-14
5412.1366  4.191086E-14
5412.5880  7.580859E-14
5413.0394  8.911706E-14
5413.4908  7.003535E-14
5413.9422  3.538537E-14
5414.3936  1.131680E-14
5414.8450  5.807565E-15
5415.2964  4.692105E-15
5415.7478  5.509625E-15
5416.1992  5.543461E-15
5416.6506  3.834266E-15
5417.1020  4.314126E-15
5417.5534  4.681653E-15
5418.0048  3.985424E-15
5418.4562  4.741810E-15
5418.9076  3.598240E-15
5419.3590  4.766082E-15
5419.8104  3.875236E-15
5420.2618  3.789774E-15
5420.7132  5.289765E-15
5421.1646  4.728860E-15
5421.6160  4.226304E-15
5422.0674  4.529106E-15
5422.5188  5.662936E-15
5422.9702  3.590039E-15
5423.4216  4.518730E-15
5423.8730  5.293053E-15
5424.3244  5.076116E-15
5424.7758  5.385283E-15
5425.2272  6.831139E-15
5425.6786  7.103540E-15
5426.1300  6.913894E-15
5426.5814  5.838037E-15
5427.0328  5.517579E-15
5427.4842  4.275910E-15
5427.9356  4.021820E-15
5428.3870  5.439785E-15
5428.8384  4.425013E-15
5429.2898  3.796373E-15
5429.7412  5.285303E-15
5430.1926  5.164050E-15
5430.6440  3.700632E-15
5431.0954  3.891494E-15
5431.5468  4.769590E-15
5431.9982  4.206242E-15
5432.4496  3.219171E-15
5432.9010  4.704666E-15
5433.3524  3.629227E-15
5433.8038  4.166911E-15
5434.2552  5.604172E-15
5434.7066  5.285029E-15
5435.1580  5.595446E-15
5435.6094  4.310655E-15
5436.0608  3.464347E-15
5436.5122  4.761962E-15
5436.9636  3.857001E-15
5437.4150  4.954356E-15
5437.8664  3.974778E-15
5438.3178  5.247835E-15
5438.7692  4.242130E-15
5439.2206  3.572638E-15
5439.6720  4.168188E-15
5440.1234  3.557716E-15
5440.5748  3.724879E-15
5441.0262  4.067683E-15
5441.4776  4.662288E-15
5441.9290  4.494980E-15
5442.3804  4.851903E-15
5442.8318  4.153892E-15
5443.2832  4.253384E-15
5443.7346  3.601182E-15
5444.1860  3.980948E-15
5444.6374  3.127487E-15
5445.0888  3.512115E-15
5445.5402  3.717661E-15
5445.9916  3.207357E-15
5446.4430  4.872137E-15
5446.8944  4.537701E-15
5447.3458  4.180150E-15
5447.7972  4.180886E-15
5448.2486  4.502227E-15
5448.7000  3.987656E-15
5449.1514  3.863320E-15
5449.6028  3.099501E-15
5450.0542  3.894991E-15
5450.5056  4.805970E-15
5450.9570  3.536562E-15
5451.4084  3.076373E-15
5451.8598  5.231139E-15
5452.3112  5.316497E-15
5452.7626  3.433603E-15
5453.2140  3.206124E-15
5453.6654  3.649032E-15
5454.1168  3.920108E-15
5454.5682  3.774548E-15
5455.0196  3.474009E-15
5455.4710  3.694808E-15
5455.9224  5.071478E-15
5456.3738  4.689121E-15
5456.8252  3.548737E-15
5457.2766  4.547595E-15
5457.7280  4.775769E-15
5458.1794  4.291849E-15
5458.6308  4.258832E-15
5459.0822  4.549290E-15
5459.5336  5.037736E-15
5459.9850  4.627914E-15
5460.4364  4.152862E-15
5460.8878  3.672253E-15
5461.3392  4.073278E-15
5461.7906  4.277791E-15
5462.2420  4.447408E-15
5462.6934  3.641329E-15
5463.1448  3.672983E-15
5463.5962  3.789284E-15
5464.0476  3.979727E-15
5464.4990  4.655438E-15
5464.9504  3.256980E-15
5465.4018  3.248032E-15
5465.8532  4.623232E-15
5466.3046  3.811160E-15
5466.7560  4.027705E-15
5467.2074  5.058168E-15
5467.6588  3.580462E-15
5468.1102  3.213842E-15
5468.5616  4.094884E-15
5469.0130  4.607865E-15
5469.4644  3.759524E-15
5469.9158  3.736771E-15
5470.3672  3.775253E-15
5470.8186  4.086119E-15
5471.2700  4.288781E-15
5471.7214  4.487382E-15
5472.1728  4.221939E-15
5472.6242  4.054183E-15
5473.0756  4.136103E-15
5473.5270  4.445476E-15
5473.9784  3.895721E-15
5474.4298  4.690614E-15
5474.8812  4.287140E-15
5475.3326  3.280712E-15
5475.7840  3.408167E-15
5476.2354  3.288378E-15
5476.6868  3.076097E-15
5477.1382  3.141274E-15
5477.5896  4.419341E-15
5478.0410  3.792204E-15
5478.4924  3.926655E-15
5478.9438  4.060804E-15
5479.3952  3.918835E-15
5479.8466  3.073928E-15
5480.2980  4.156223E-15
5480.7494  3.669078E-15
5481.2008  3.004822E-15
5481.6522  3.012450E-15
5482.1036  3.593439E-15
5482.5550  3.080819E-15
5483.0064  4.306221E-15
5483.4578  4.096956E-15
5483.9092  3.693013E-15
5484.3606  3.513688E-15
5484.8120  3.417030E-15
5485.2634  4.258006E-15
5485.7148  5.103094E-15
5486.1662  4.625388E-15
5486.6176  4.135141E-15
5487.0690  4.080477E-15
5487.5204  4.259655E-15
5487.9718  3.936924E-15
5488.4232  3.991819E-15
5488.8746  3.870900E-15
5489.3260  4.253177E-15
5489.7774  3.676816E-15
5490.2288  2.979516E-15
5490.6802  3.386275E-15
5491.1316  2.810914E-15
5491.5830  3.027082E-15
5492.0344  3.146533E-15
5492.4858  3.174843E-15
5492.9372  3.221540E-15
5493.3886  3.667415E-15
5493.8400  3.278047E-15
5494.2914  3.601999E-15
5494.7428  3.701850E-15
5495.1942  3.928107E-15
5495.6456  4.025195E-15
5496.0970  3.511233E-15
5496.5484  4.132783E-15
5496.9998  3.628758E-15
5497.4512  3.312070E-15
5497.9026  3.331805E-15
5498.3540  4.079373E-15
5498.8054  3.873431E-15
5499.2568  3.622364E-15
5499.7082  3.922761E-15
5500.1596  3.873883E-15
5500.6110  3.292697E-15
5501.0624  3.288625E-15
5501.5138  3.607636E-15
5501.9652  3.057258E-15
5502.4166  2.917130E-15
5502.8680  3.476317E-15
5503.3194  4.068435E-15
5503.7708  4.186988E-15
5504.2222  3.162399E-15
5504.6736  3.170439E-15
5505.1250  2.976013E-15
5505.5764  3.619861E-15
5506.0278  4.077385E-15
5506.4792  3.842252E-15
5506.9306  3.791929E-15
5507.3820  3.759368E-15
5507.8334  3.210678E-15
5508.2848  3.387053E-15
5508.7362  3.592139E-15
5509.1876  3.575495E-15
5509.6390  2.902246E-15
5510.0904  3.182301E-15
5510.5418  3.557028E-15
5510.9932  3.888466E-15
5511.4446  4.404901E-15
5511.8960  3.870902E-15
5512.3474  3.253160E-15
5512.7988  3.262040E-15
5513.2502  3.796982E-15
5513.7016  3.482513E-15
5514.1530  3.428918E-15
5514.6044  3.248975E-15
5515.0558  2.753551E-15
5515.5072  3.265590E-15
5515.9586  3.882598E-15
5516.4100  3.171980E-15
5516.8614  2.784084E-15
5517.3128  3.155617E-15
5517.7642  3.338629E-15
5518.2156  4.063311E-15
5518.6670  8.009347E-15
5519.1184  8.416790E-15
5519.5698  7.270563E-15
5520.0212  5.092670E-15
5520.4726  3.688122E-15
5520.9240  3.198419E-15
5521.3754  3.240245E-15
5521.8268  3.273894E-15
5522.2782  3.191460E-15
5522.7296  3.327333E-15
5523.1810  3.649372E-15
5523.6324  3.280666E-15
5524.0838  3.160636E-15
5524.5352  2.620841E-15
5524.9866  2.927875E-15
5525.4380  3.400306E-15
5525.8894  3.121604E-15
5526.3408  3.648868E-15
5526.7922  2.844631E-15
5527.2436  2.975985E-15
5527.6950  2.863763E-15
5528.1464  2.911252E-15
5528.5978  3.588127E-15
5529.0492  3.526007E-15
5529.5006  2.805049E-15
5529.9520  3.538897E-15
5530.4034  3.824768E-15
5530.8548  3.518639E-15
5531.3062  3.489023E-15
5531.7576  3.139621E-15
5532.2090  3.231227E-15
5532.6604  2.883085E-15
5533.1118  3.161854E-15
5533.5632  3.093208E-15
5534.0146  3.113752E-15
5534.4660  2.904761E-15
5534.9174  3.169663E-15
5535.3688  3.296176E-15
5535.8202  2.858520E-15
5536.2716  2.989773E-15
5536.7230  2.631490E-15
5537.1744  3.147373E-15
5537.6258  2.491425E-15
5538.0772  4.401229E-15
5538.5286  5.892312E-15
5538.9800  7.389178E-15
5539.4314  7.452113E-15
5539.8828  5.454705E-15
5540.3342  3.689317E-15
5540.7856  2.887884E-15
5541.2370  2.742555E-15
5541.6884  3.108041E-15
5542.1398  3.111539E-15
5542.5912  2.586696E-15
5543.0426  2.054785E-15
5543.4940  2.570395E-15
5543.9454  3.183566E-15
5544.3968  2.603046E-15
5544.8482  3.143892E-15
5545.2996  3.171583E-15
5545.7510  3.448715E-15
5546.2024  2.945006E-15
5546.6538  2.751331E-15
5547.1052  3.169783E-15
5547.5566  3.262438E-15
5548.0080  3.245401E-15
5548.4594  2.570179E-15
5548.9108  2.242974E-15
5549.3622  2.980774E-15
5549.8136  3.176648E-15
5550.2650  2.383305E-15
5550.7164  2.282283E-15
5551.1678  2.352086E-15
5551.6192  2.352673E-15
5552.0706  2.792072E-15
5552.5220  3.002241E-15
5552.9734  3.086293E-15
5553.4248  2.639787E-15
5553.8762  2.852584E-15
5554.3276  3.168464E-15
5554.7790  2.528538E-15
5555.2304  2.466469E-15
5555.6818  2.940344E-15
5556.1332  2.385512E-15
5556.5846  2.338937E-15
5557.0360  2.690757E-15
5557.4874  2.673731E-15
5557.9388  2.547270E-15
5558.3902  2.556124E-15
5558.8416  2.432546E-15
5559.2930  2.390795E-15
5559.7444  2.761946E-15
5560.1958  2.755118E-15
5560.6472  2.477474E-15
5561.0986  2.079294E-15
5561.5500  2.256763E-15
5562.0014  2.792523E-15
5562.4528  2.765154E-15
5562.9042  2.904832E-15
5563.3556  3.136767E-15
5563.8070  2.810778E-15
5564.2584  2.679602E-15
5564.7098  2.516706E-15
5565.1612  2.920949E-15
5565.6126  2.438052E-15
5566.0640  2.203313E-15
5566.5154  3.179772E-15
5566.9668  2.597940E-15
5567.4182  2.762601E-15
5567.8696  2.853407E-15
5568.3210  2.873022E-15
5568.7724  2.749204E-15
5569.2238  2.248853E-15
5569.6752  2.795687E-15
5570.1266  2.398788E-15
5570.5780  2.317035E-15
5571.0294  2.550110E-15
5571.4808  2.108968E-15
5571.9322  2.450004E-15
5572.3836  2.828186E-15
5572.8350  2.625577E-15
5573.2864  2.672295E-15
5573.7378  2.864294E-15
5574.1892  2.509023E-15
5574.6406  2.254801E-15
5575.0920  2.612851E-15
5575.5434  2.383769E-15
5575.9948  4.051099E-15
5576.4462  9.129220E-15
5576.8976  1.561198E-14
5577.3490  1.383058E-14
5577.8004  6.591146E-15
5578.2518  3.365981E-15
5578.7032  2.661644E-15
5579.1546  3.264397E-15
5579.6060  3.690544E-15
5580.0574  3.186161E-15
5580.5088  2.685250E-15
5580.9602  2.682259E-15
5581.4116  2.794399E-15
5581.8630  2.468042E-15
5582.3144  2.785971E-15
5582.7658  2.949038E-15
5583.2172  2.726571E-15
5583.6686  2.345730E-15
5584.1200  2.427373E-15
5584.5714  2.616112E-15
5585.0228  2.502695E-15
5585.4742  2.216389E-15
5585.9256  2.463080E-15
5586.3770  2.709880E-15
5586.8284  2.408449E-15
5587.2798  2.629028E-15
5587.7312  1.915804E-15
5588.1826  2.485753E-15
5588.6340  2.579005E-15
5589.0854  2.178350E-15
5589.5368  2.650062E-15
5589.9882  2.207007E-15
5590.4396  2.267557E-15
5590.8910  2.865680E-15
5591.3424  3.006926E-15
5591.7938  2.436693E-15
5592.2452  3.298916E-15
5592.6966  3.360829E-15
5593.1480  4.175687E-15
5593.5994  4.107748E-15
5594.0508  4.234048E-15
5594.5022  3.594348E-15
5594.9536  2.661834E-15
5595.4050  1.805169E-15
5595.8564  1.959091E-15
5596.3078  2.395567E-15
5596.7592  2.426407E-15
5597.2106  2.750326E-15
5597.6620  2.530060E-15
5598.1134  2.480731E-15
5598.5648  2.687085E-15
5599.0162  2.251516E-15
5599.4676  2.167142E-15
5599.9190  2.328697E-15
5600.3704  2.788406E-15
5600.8218  2.777884E-15
5601.2732  2.027703E-15
5601.7246  2.548184E-15
5602.1760  2.696974E-15
5602.6274  2.380241E-15
5603.0788  2.258026E-15
5603.5302  2.233782E-15
5603.9816  1.841912E-15
5604.4330  2.057295E-15
5604.8844  2.307494E-15
5605.3358  2.488437E-15
5605.7872  2.503751E-15
5606.2386  2.498675E-15
5606.6900  2.663782E-15
5607.1414  2.403164E-15
5607.5928  2.118230E-15
5608.0442  2.243873E-15
5608.4956  2.501844E-15
5608.9470  2.479879E-15
5609.3984  2.320889E-15
5609.8498  2.393512E-15
5610.3012  2.237198E-15
5610.7526  2.703805E-15
5611.2040  2.445225E-15
5611.6554  2.510109E-15
5612.1068  2.244385E-15
5612.5582  2.215272E-15
5613.0096  2.000902E-15
5613.4610  1.954007E-15
5613.9124  2.368850E-15
5614.3638  2.262793E-15
5614.8152  2.820318E-15
5615.2666  2.049638E-15
5615.7180  2.144510E-15
5616.1694  2.451828E-15
5616.6208  2.155707E-15
5617.0722  2.272165E-15
5617.5236  2.218224E-15
5617.9750  2.132657E-15
5618.4264  2.417895E-15
5618.8778  2.397319E-15
5619.3292  2.139691E-15
5619.7806  2.573265E-15
5620.2320  2.081084E-15
5620.6834  2.238335E-15
5621.1348  2.667837E-15
5621.5862  2.685121E-15
5622.0376  2.341958E-15
5622.4890  2.256095E-15
5622.9404  2.276283E-15
5623.3918  2.362328E-15
5623.8432  2.455394E-15
5624.2946  2.441630E-15
5624.7460  2.442489E-15
5625.1974  2.320626E-15
5625.6488  2.311788E-15
5626.1002  2.266618E-15
5626.5516  2.183968E-15
5627.0030  2.184982E-15
5627.4544  2.287307E-15
5627.9058  2.287021E-15
5628.3572  2.465955E-15
5628.8086  2.223934E-15
5629.2600  2.057625E-15
5629.7114  2.235684E-15
5630.1628  2.425635E-15
5630.6142  2.650595E-15
5631.0656  2.933809E-15
5631.5170  3.670909E-15
5631.9684  4.829658E-15
5632.4198  5.087026E-15
5632.8712  5.149206E-15
5633.3226  3.861799E-15
5633.7740  2.433572E-15
5634.2254  2.206675E-15
5634.6768  2.437197E-15
5635.1282  2.278579E-15
5635.5796  2.682846E-15
5636.0310  2.407984E-15
5636.4824  2.243901E-15
5636.9338  2.374691E-15
5637.3852  2.217262E-15
5637.8366  1.950572E-15
5638.2880  2.362002E-15
5638.7394  2.558467E-15
5639.1908  2.456637E-15
5639.6422  2.465109E-15
5640.0936  2.213335E-15
5640.5450  2.260374E-15
5640.9964  2.525402E-15
5641.4478  2.200456E-15
5641.8992  1.817334E-15
5642.3506  2.054497E-15
5642.8020  2.097431E-15
5643.2534  2.314575E-15
5643.7048  2.141930E-15
5644.1562  2.230771E-15
5644.6076  2.030323E-15
5645.0590  2.240818E-15
5645.5104  2.093329E-15
5645.9618  2.031460E-15
5646.4132  2.191420E-15
5646.8646  2.431781E-15
5647.3160  2.387788E-15
5647.7674  2.293485E-15
5648.2188  2.457081E-15
5648.6702  2.274609E-15
5649.1216  2.057480E-15
5649.5730  2.107920E-15
5650.0244  2.321481E-15
5650.4758  2.433507E-15
5650.9272  2.296868E-15
5651.3786  2.238397E-15
5651.8300  2.101747E-15
5652.2814  1.932176E-15
5652.7328  2.318193E-15
5653.1842  2.370102E-15
5653.6356  2.356088E-15
5654.0870  2.484609E-15
5654.5384  2.176231E-15
5654.9898  2.004387E-15
5655.4412  2.407322E-15
5655.8926  2.200424E-15
5656.3440  2.242752E-15
5656.7954  2.165616E-15
5657.2468  2.428430E-15
5657.6982  2.497069E-15
5658.1496  2.484868E-15
5658.6010  2.245372E-15
5659.0524  2.064276E-15
5659.5038  2.258954E-15
5659.9552  2.369579E-15
5660.4066  2.372103E-15
5660.8580  2.350490E-15
5661.3094  2.608487E-15
5661.7608  2.379735E-15
5662.2122  2.207596E-15
5662.6636  2.072718E-15
5663.1150  2.157015E-15
5663.5664  2.254822E-15
5664.0178  2.362055E-15
5664.4692  1.920545E-15
5664.9206  2.218489E-15
5665.3720  2.296565E-15
5665.8234  2.443155E-15
5666.2748  2.225426E-15
5666.7262  2.365762E-15
5667.1776  2.185823E-15
5667.6290  2.377677E-15
5668.0804  2.594280E-15
5668.5318  2.693205E-15
5668.9832  2.306925E-15
5669.4346  2.562858E-15
5669.8860  2.368489E-15
5670.3374  2.479166E-15
5670.7888  2.445195E-15
5671.2402  2.461663E-15
5671.6916  2.305272E-15
5672.1430  2.382788E-15
5672.5944  2.283864E-15
5673.0458  2.266840E-15
5673.4972  2.214593E-15
5673.9486  2.195378E-15
5674.4000  2.267658E-15
5674.8514  2.213669E-15
5675.3028  2.349952E-15
5675.7542  2.311617E-15
5676.2056  2.187466E-15
5676.6570  2.397121E-15
5677.1084  2.933211E-15
5677.5598  3.864656E-15
5678.0112  4.991423E-15
5678.4626  5.345537E-15
5678.9140  4.928088E-15
5679.3654  3.756580E-15
5679.8168  2.701220E-15
5680.2682  2.433945E-15
5680.7196  2.418012E-15
5681.1710  2.689397E-15
5681.6224  2.779153E-15
5682.0738  2.498520E-15
5682.5252  2.097984E-15
5682.9766  2.404132E-15
5683.4280  2.318230E-15
5683.8794  1.949007E-15
5684.3308  2.223269E-15
5684.7822  2.011857E-15
5685.2336  1.993099E-15
5685.6850  2.007647E-15
5686.1364  2.269149E-15
5686.5878  2.556554E-15
5687.0392  2.541466E-15
5687.4906  2.141786E-15
5687.9420  2.365276E-15
5688.3934  2.368684E-15
5688.8448  2.151878E-15
5689.2962  2.275641E-15
5689.7476  2.254404E-15
5690.1990  2.268216E-15
5690.6504  2.277669E-15
5691.1018  2.082836E-15
5691.5532  1.961063E-15
5692.0046  2.218107E-15
5692.4560  2.300457E-15
5692.9074  2.393876E-15
5693.3588  2.413301E-15
5693.8102  2.069154E-15
5694.2616  2.372303E-15
5694.7130  2.222609E-15
5695.1644  2.300033E-15
5695.6158  2.360053E-15
5696.0672  2.147739E-15
5696.5186  2.314008E-15
5696.9700  2.186509E-15
5697.4214  2.163477E-15
5697.8728  2.170867E-15
5698.3242  2.163502E-15
5698.7756  2.019617E-15
5699.2270  2.107692E-15
5699.6784  2.439542E-15
5700.1298  2.409394E-15
5700.5812  2.285877E-15
5701.0326  2.322679E-15
5701.4840  2.092366E-15
5701.9354  2.171716E-15
5702.3868  2.149246E-15
5702.8382  2.479853E-15
5703.2896  2.677125E-15
5703.7410  2.676833E-15
5704.1924  2.303712E-15
5704.6438  2.184938E-15
5705.0952  2.109156E-15
5705.5466  2.048559E-15
5705.9980  2.261484E-15
5706.4494  2.088468E-15
5706.9008  2.207393E-15
5707.3522  2.094890E-15
5707.8036  2.111018E-15
5708.2550  2.100424E-15
5708.7064  2.154044E-15
5709.1578  2.119903E-15
5709.6092  2.048019E-15
5710.0606  2.173677E-15
5710.5120  2.069246E-15
5710.9634  2.023738E-15
5711.4148  2.288999E-15
5711.8662  2.111159E-15
5712.3176  2.093349E-15
5712.7690  1.858386E-15
5713.2204  2.078737E-15
5713.6718  2.277316E-15
5714.1232  2.055423E-15
5714.5746  2.003483E-15
5715.0260  2.107748E-15
5715.4774  1.965177E-15
5715.9288  2.036513E-15
5716.3802  2.024093E-15
5716.8316  2.216115E-15
5717.2830  2.242875E-15
5717.7344  2.143173E-15
5718.1858  2.353887E-15
5718.6372  1.998128E-15
5719.0886  1.801577E-15
5719.5400  1.973817E-15
5719.9914  1.881736E-15
5720.4428  1.996295E-15
5720.8942  2.138889E-15
5721.3456  2.385246E-15
5721.7970  2.658095E-15
5722.2484  3.087999E-15
5722.6998  3.328170E-15
5723.1512  3.041178E-15
5723.6026  2.628838E-15
5724.0540  2.316815E-15
5724.5054  2.080040E-15
5724.9568  2.027324E-15
5725.4082  2.130221E-15
5725.8596  1.989757E-15
5726.3110  1.836902E-15
5726.7624  1.802804E-15
5727.2138  1.956296E-15
5727.6652  2.133556E-15
5728.1166  2.029159E-15
5728.5680  2.160316E-15
5729.0194  2.007704E-15
5729.4708  1.764510E-15
5729.9222  1.943193E-15
5730.3736  2.025620E-15
5730.8250  1.977499E-15
5731.2764  2.085708E-15
5731.7278  1.931362E-15
5732.1792  1.869039E-15
5732.6306  2.106202E-15
5733.0820  2.327552E-15
5733.5334  2.187997E-15
5733.9848  2.160474E-15
5734.4362  2.295303E-15
5734.8876  2.160024E-15
5735.3390  1.968675E-15
5735.7904  2.014924E-15
5736.2418  2.103628E-15
5736.6932  1.912142E-15
5737.1446  2.125896E-15
5737.5960  2.109306E-15
5738.0474  2.040479E-15
5738.4988  2.175879E-15
5738.9502  1.930798E-15
5739.4016  1.782702E-15
5739.8530  2.072724E-15
5740.3044  2.096872E-15
5740.7558  1.992186E-15
5741.2072  2.120135E-15
5741.6586  2.000595E-15
5742.1100  2.165557E-15
5742.5614  1.969369E-15
5743.0128  1.703104E-15
5743.4642  1.880434E-15
5743.9156  2.094721E-15
5744.3670  1.834598E-15
5744.8184  2.042224E-15
5745.2698  1.917586E-15
5745.7212  1.706469E-15
5746.1726  1.916589E-15
5746.6240  1.925254E-15
5747.0754  1.890572E-15
5747.5268  1.990933E-15
5747.9782  1.929429E-15
5748.4296  1.957200E-15
5748.8810  2.096088E-15
5749.3324  1.857174E-15
5749.7838  1.956278E-15
5750.2352  1.571561E-15
5750.6866  1.994870E-15
5751.1380  2.302976E-15
5751.5894  2.080408E-15
5752.0408  2.137864E-15
5752.4922  2.015535E-15
5752.9436  2.001573E-15
5753.3950  2.205502E-15
5753.8464  2.369945E-15
5754.2978  4.331820E-15
5754.7492  1.132872E-14
5755.2006  2.624039E-14
5755.6520  3.985031E-14
5756.1034  4.172715E-14
5756.5548  3.238435E-14
5757.0062  1.609500E-14
5757.4576  5.610944E-15
5757.9090  2.750442E-15
5758.3604  2.197825E-15
5758.8118  2.010261E-15
5759.2632  1.803259E-15
5759.7146  1.809253E-15
5760.1660  1.898974E-15
5760.6174  2.029485E-15
5761.0688  2.287406E-15
5761.5202  2.266477E-15
5761.9716  2.067604E-15
5762.4230  2.033761E-15
5762.8744  1.928038E-15
5763.3258  1.870277E-15
5763.7772  1.964117E-15
5764.2286  2.092198E-15
5764.6800  2.175978E-15
5765.1314  2.030952E-15
5765.5828  1.992842E-15
5766.0342  2.040858E-15
5766.4856  2.010010E-15
5766.9370  2.144031E-15
5767.3884  2.068499E-15
5767.8398  2.038441E-15
5768.2912  1.914137E-15
5768.7426  1.740043E-15
5769.1940  1.957099E-15
5769.6454  1.781165E-15
5770.0968  2.161480E-15
5770.5482  2.334250E-15
5770.9996  2.071842E-15
5771.4510  2.119168E-15
5771.9024  2.024122E-15
5772.3538  2.007805E-15
5772.8052  2.256583E-15
5773.2566  2.099000E-15
5773.7080  2.024427E-15
5774.1594  2.177782E-15
5774.6108  1.863480E-15
5775.0622  1.863365E-15
5775.5136  1.935066E-15
5775.9650  1.830809E-15
5776.4164  1.863643E-15
5776.8678  2.053777E-15
5777.3192  2.245474E-15
5777.7706  2.376974E-15
5778.2220  2.447501E-15
5778.6734  2.512181E-15
5779.1248  2.137081E-15
5779.5762  1.932517E-15
5780.0276  1.866095E-15
5780.4790  1.910772E-15
5780.9304  1.957684E-15
5781.3818  1.888192E-15
5781.8332  2.032859E-15
5782.2846  2.052935E-15
5782.7360  2.114941E-15
5783.1874  2.057228E-15
5783.6388  2.441751E-15
5784.0902  2.229009E-15
5784.5416  2.270515E-15
5784.9930  2.593649E-15
5785.4444  2.450360E-15
5785.8958  2.113314E-15
5786.3472  2.354352E-15
5786.7986  2.333427E-15
5787.2500  2.281447E-15
5787.7014  2.268515E-15
5788.1528  2.158534E-15
5788.6042  2.341939E-15
5789.0556  1.922907E-15
5789.5070  2.136285E-15
5789.9584  2.353843E-15
5790.4098  2.372589E-15
5790.8612  2.594122E-15
5791.3126  2.478125E-15
5791.7640  2.365507E-15
5792.2154  2.340305E-15
5792.6668  2.396398E-15
5793.1182  2.687094E-15
5793.5696  2.690057E-15
5794.0210  2.507323E-15
5794.4724  2.640121E-15
5794.9238  2.451437E-15
5795.3752  2.526445E-15
5795.8266  2.612862E-15
5796.2780  2.328338E-15
5796.7294  2.263187E-15
5797.1808  2.090194E-15
5797.6322  2.123842E-15
5798.0836  2.234533E-15
5798.5350  2.306246E-15
5798.9864  2.418101E-15
5799.4378  2.626000E-15
5799.8892  2.620048E-15
5800.3406  2.479842E-15
5800.7920  2.636643E-15
5801.2434  3.272691E-15
5801.6948  4.152286E-15
5802.1462  5.447984E-15
5802.5976  6.063544E-15
5803.0490  5.450951E-15
5803.5004  4.171547E-15
5803.9518  3.011685E-15
5804.4032  2.652612E-15
5804.8546  2.659087E-15
5805.3060  2.537763E-15
5805.7574  2.619850E-15
5806.2088  2.511301E-15
5806.6602  2.610176E-15
5807.1116  2.691356E-15
5807.5630  2.828236E-15
5808.0144  2.924575E-15
5808.4658  2.555716E-15
5808.9172  2.412190E-15
5809.3686  2.492780E-15
5809.8200  2.420303E-15
5810.2714  2.456185E-15
5810.7228  2.228308E-15
5811.1742  2.358105E-15
5811.6256  2.591442E-15
5812.0770  2.736241E-15
5812.5284  3.174412E-15
5812.9798  4.342170E-15
5813.4312  4.552844E-15
5813.8826  4.256780E-15
5814.3340  3.448816E-15
5814.7854  3.235318E-15
5815.2368  2.856138E-15
5815.6882  2.694673E-15
5816.1396  2.613959E-15
5816.5910  2.469508E-15
5817.0424  2.449016E-15
5817.4938  2.124544E-15
5817.9452  2.412001E-15
5818.3966  2.130201E-15
5818.8480  2.345874E-15
5819.2994  2.496116E-15
5819.7508  2.185636E-15
5820.2022  2.271595E-15
5820.6536  2.273572E-15
5821.1050  2.535481E-15
5821.5564  2.691648E-15
5822.0078  2.689811E-15
5822.4592  2.343375E-15
5822.9106  2.224910E-15
5823.3620  2.050633E-15
5823.8134  2.061446E-15
5824.2648  2.213893E-15
5824.7162  1.828401E-15
5825.1676  2.185367E-15
5825.6190  2.129949E-15
5826.0704  2.156293E-15
5826.5218  2.054542E-15
5826.9732  2.116840E-15
5827.4246  2.118603E-15
5827.8760  2.007835E-15
5828.3274  2.206065E-15
5828.7788  2.574974E-15
5829.2302  2.371424E-15
5829.6816  2.392878E-15
5830.1330  2.363094E-15
5830.5844  2.363983E-15
5831.0358  2.197425E-15
5831.4872  2.202652E-15
5831.9386  2.100067E-15
5832.3900  2.188647E-15
5832.8414  1.941978E-15
5833.2928  2.031492E-15
5833.7442  1.926622E-15
5834.1956  2.036642E-15
5834.6470  2.161858E-15
5835.0984  2.205747E-15
5835.5498  2.183753E-15
5836.0012  2.146339E-15
5836.4526  1.958434E-15
5836.9040  1.826214E-15
5837.3554  2.364428E-15
5837.8068  2.516044E-15
5838.2582  2.537973E-15
5838.7096  2.449058E-15
5839.1610  2.287534E-15
5839.6124  1.939825E-15
5840.0638  1.818806E-15
5840.5152  2.043013E-15
5840.9666  1.912858E-15
5841.4180  1.966660E-15
5841.8694  1.973355E-15
5842.3208  2.263565E-15
5842.7722  2.273731E-15
5843.2236  2.045433E-15
5843.6750  2.073546E-15
5844.1264  2.034262E-15
5844.5778  1.856362E-15
5845.0292  2.019074E-15
5845.4806  2.046768E-15
5845.9320  2.029043E-15
5846.3834  2.175969E-15
5846.8348  2.319522E-15
5847.2862  2.340270E-15
5847.7376  2.435175E-15
5848.1890  2.570425E-15
5848.6404  2.284604E-15
5849.0918  2.100831E-15
5849.5432  1.999069E-15
5849.9946  2.071188E-15
5850.4460  1.976940E-15
5850.8974  2.026277E-15
5851.3488  1.867944E-15
5851.8002  2.037627E-15
5852.2516  1.899667E-15
5852.7030  1.959458E-15
5853.1544  1.868869E-15
5853.6058  1.954453E-15
5854.0572  2.072469E-15
5854.5086  2.132690E-15
5854.9600  1.958458E-15
5855.4114  2.021240E-15
5855.8628  1.992462E-15
5856.3142  1.904238E-15
5856.7656  2.009694E-15
5857.2170  1.956371E-15
5857.6684  2.177776E-15
5858.1198  2.727639E-15
5858.5712  2.671236E-15
5859.0226  2.894895E-15
5859.4740  2.382394E-15
5859.9254  2.229908E-15
5860.3768  2.105364E-15
5860.8282  1.896081E-15
5861.2796  1.951711E-15
5861.7310  2.128762E-15
5862.1824  2.483020E-15
5862.6338  2.426817E-15
5863.0852  2.418435E-15
5863.5366  2.165589E-15
5863.9880  2.124102E-15
5864.4394  1.967864E-15
5864.8908  2.104519E-15
5865.3422  2.358136E-15
5865.7936  2.090852E-15
5866.2450  2.261428E-15
5866.6964  2.495193E-15
5867.1478  2.600559E-15
5867.5992  2.555529E-15
5868.0506  2.217957E-15
5868.5020  2.423296E-15
5868.9534  2.640248E-15
5869.4048  2.664202E-15
5869.8562  2.968380E-15
5870.3076  2.874020E-15
5870.7590  2.812619E-15
5871.2104  2.328509E-15
5871.6618  2.255061E-15
5872.1132  1.915229E-15
5872.5646  2.104507E-15
5873.0160  1.878019E-15
5873.4674  2.039873E-15
5873.9188  2.030696E-15
5874.3702  2.390404E-15
5874.8216  3.008687E-15
5875.2730  5.190593E-15
5875.7244  1.427958E-14
5876.1758  3.368620E-14
5876.6272  5.573682E-14
5877.0786  6.414824E-14
5877.5300  5.340880E-14
5877.9814  3.008465E-14
5878.4328  1.114836E-14
5878.8842  3.714239E-15
5879.3356  2.439422E-15
5879.7870  2.071367E-15
5880.2384  2.036047E-15
5880.6898  1.954498E-15
5881.1412  2.024351E-15
5881.5926  2.040217E-15
5882.0440  2.188867E-15
5882.4954  2.440489E-15
5882.9468  2.686222E-15
5883.3982  3.043174E-15
5883.8496  2.660252E-15
5884.3010  2.499758E-15
5884.7524  2.156365E-15
5885.2038  2.155361E-15
5885.6552  2.116122E-15
5886.1066  2.006099E-15
5886.5580  2.107749E-15
5887.0094  2.295281E-15
5887.4608  2.369497E-15
5887.9122  2.287000E-15
5888.3636  1.938925E-15
5888.8150  2.666733E-15
5889.2664  4.220517E-15
5889.7178  2.558857E-15
5890.1692  4.839177E-16
5890.6206  5.803757E-16
5891.0720  1.635051E-15
5891.5234  1.978318E-15
5891.9748  2.190433E-15
5892.4262  2.098727E-15
5892.8776  2.079565E-15
5893.3290  2.113386E-15
5893.7804  2.030221E-15
5894.2318  2.056767E-15
5894.6832  2.282056E-15
5895.1346  2.925508E-15
5895.5860  2.468924E-15
5896.0374  1.013752E-15
5896.4888  8.595101E-16
5896.9402  1.779630E-15
5897.3916  2.477784E-15
5897.8430  2.800969E-15
5898.2944  3.195866E-15
5898.7458  2.689382E-15
5899.1972  2.181964E-15
5899.6486  2.030560E-15
5900.1000  1.974841E-15
5900.5514  1.918148E-15
5901.0028  1.880377E-15
5901.4542  1.914178E-15
5901.9056  2.029914E-15
5902.3570  1.919161E-15
5902.8084  1.812700E-15
5903.2598  1.784605E-15
5903.7112  1.843642E-15
5904.1626  2.062254E-15
5904.6140  2.087188E-15
5905.0654  2.166076E-15
5905.5168  2.026576E-15
5905.9682  2.151098E-15
5906.4196  2.010845E-15
5906.8710  1.970206E-15
5907.3224  2.086504E-15
5907.7738  2.084017E-15
5908.2252  2.135119E-15
5908.6766  2.054030E-15
5909.1280  1.857769E-15
5909.5794  1.966863E-15
5910.0308  1.963636E-15
5910.4822  1.742630E-15
5910.9336  1.812298E-15
5911.3850  1.853348E-15
5911.8364  1.951156E-15
5912.2878  1.753265E-15
5912.7392  1.988082E-15
5913.1906  2.107178E-15
5913.6420  2.389120E-15
5914.0934  3.019939E-15
5914.5448  3.185981E-15
5914.9962  2.786562E-15
5915.4476  2.343077E-15
5915.8990  2.156902E-15
5916.3504  2.292242E-15
5916.8018  2.496706E-15
5917.2532  2.400324E-15
5917.7046  2.047038E-15
5918.1560  1.911658E-15
5918.6074  1.682776E-15
5919.0588  1.623968E-15
5919.5102  1.819914E-15
5919.9616  1.826967E-15
5920.4130  2.016046E-15
5920.8644  2.061598E-15
5921.3158  2.039866E-15
5921.7672  2.034704E-15
5922.2186  2.020579E-15
5922.6700  1.901628E-15
5923.1214  1.998465E-15
5923.5728  1.806002E-15
5924.0242  1.860732E-15
5924.4756  1.843818E-15
5924.9270  1.845677E-15
5925.3784  1.882652E-15
5925.8298  2.062518E-15
5926.2812  2.321358E-15
5926.7326  1.992181E-15
5927.1840  1.888077E-15
5927.6354  1.957287E-15
5928.0868  2.007563E-15
5928.5382  1.862816E-15
5928.9896  2.008399E-15
5929.4410  1.822130E-15
5929.8924  1.865057E-15
5930.3438  1.947126E-15
5930.7952  2.136220E-15
5931.2466  2.102051E-15
5931.6980  2.227739E-15
5932.1494  2.616843E-15
5932.6008  2.788508E-15
5933.0522  2.775520E-15
5933.5036  2.782198E-15
5933.9550  2.883765E-15
5934.4064  2.718218E-15
5934.8578  2.528694E-15
5935.3092  2.250370E-15
5935.7606  2.007712E-15
5936.2120  1.920198E-15
5936.6634  2.012314E-15
5937.1148  2.092594E-15
5937.5662  2.002145E-15
5938.0176  2.154818E-15
5938.4690  1.887229E-15
5938.9204  1.809080E-15
5939.3718  2.011817E-15
5939.8232  2.054573E-15
5940.2746  1.871012E-15
5940.7260  1.722389E-15
5941.1774  1.842141E-15
5941.6288  1.883618E-15
5942.0802  1.767784E-15
5942.5316  1.908886E-15
5942.9830  2.026951E-15
5943.4344  1.955056E-15
5943.8858  2.018990E-15
5944.3372  1.986456E-15
5944.7886  1.890122E-15
5945.2400  1.912371E-15
5945.6914  1.913701E-15
5946.1428  1.817273E-15
5946.5942  1.911375E-15
5947.0456  2.151882E-15
5947.4970  2.126068E-15
5947.9484  2.036191E-15
5948.3998  1.959384E-15
5948.8512  1.947188E-15
5949.3026  1.975983E-15
5949.7540  1.860278E-15
5950.2054  1.807715E-15
5950.6568  1.800504E-15
5951.1082  1.912345E-15
5951.5596  1.950675E-15
5952.0110  1.928380E-15
5952.4624  1.981336E-15
5952.9138  2.185300E-15
5953.3652  2.374720E-15
5953.8166  2.992776E-15
5954.2680  3.333361E-15
5954.7194  3.390534E-15
5955.1708  3.088190E-15
5955.6222  2.427146E-15
5956.0736  2.209330E-15
5956.5250  2.023469E-15
5956.9764  1.925704E-15
5957.4278  1.707518E-15
5957.8792  1.924625E-15
5958.3306  2.006390E-15
5958.7820  2.069659E-15
5959.2334  2.001835E-15
5959.6848  1.912898E-15
5960.1362  1.971096E-15
5960.5876  1.957230E-15
5961.0390  1.895239E-15
5961.4904  1.941100E-15
5961.9418  1.945807E-15
5962.3932  2.093638E-15
5962.8446  1.934924E-15
5963.2960  2.027784E-15
5963.7474  2.089894E-15
5964.1988  1.998514E-15
5964.6502  1.954089E-15
5965.1016  2.003173E-15
5965.5530  2.031387E-15
5966.0044  2.141382E-15
5966.4558  1.925802E-15
5966.9072  1.880448E-15
5967.3586  1.889147E-15
5967.8100  1.880481E-15
5968.2614  1.987553E-15
5968.7128  1.994747E-15
5969.1642  1.942687E-15
5969.6156  2.055167E-15
5970.0670  1.995257E-15
5970.5184  1.837265E-15
5970.9698  1.814515E-15
5971.4212  2.008501E-15
5971.8726  2.019203E-15
5972.3240  2.183146E-15
5972.7754  1.882036E-15
5973.2268  1.897078E-15
5973.6782  2.008555E-15
5974.1296  1.688688E-15
5974.5810  1.886786E-15
5975.0324  1.953577E-15
5975.4838  1.818497E-15
5975.9352  2.006717E-15
5976.3866  2.169346E-15
5976.8380  2.076579E-15
5977.2894  2.347987E-15
5977.7408  2.709726E-15
5978.1922  3.541363E-15
5978.6436  3.667506E-15
5979.0950  3.321311E-15
5979.5464  2.573047E-15
5979.9978  2.134932E-15
5980.4492  2.048044E-15
5980.9006  2.040477E-15
5981.3520  1.976204E-15
5981.8034  1.845859E-15
5982.2548  1.955684E-15
5982.7062  1.992336E-15
5983.1576  2.294746E-15
5983.6090  2.198087E-15
5984.0604  2.336881E-15
5984.5118  2.450329E-15
5984.9632  2.328534E-15
5985.4146  2.268181E-15
5985.8660  1.902609E-15
5986.3174  1.803086E-15
5986.7688  1.891847E-15
5987.2202  1.851941E-15
5987.6716  1.980628E-15
5988.1230  1.917951E-15
5988.5744  1.963841E-15
5989.0258  2.001119E-15
5989.4772  1.944473E-15
5989.9286  2.008989E-15
5990.3800  1.905455E-15
5990.8314  1.901657E-15
5991.2828  1.862983E-15
5991.7342  1.846249E-15
5992.1856  1.954789E-15
5992.6370  1.943794E-15
5993.0884  1.948348E-15
5993.5398  2.055590E-15
5993.9912  1.815533E-15
5994.4426  1.789847E-15
5994.8940  1.932078E-15
5995.3454  1.900883E-15
5995.7968  1.740676E-15
5996.2482  1.925984E-15
5996.6996  2.028667E-15
5997.1510  1.874179E-15
5997.6024  1.728035E-15
5998.0538  1.962071E-15
5998.5052  1.994659E-15
5998.9566  2.008261E-15
5999.4080  1.998767E-15
5999.8594  2.124569E-15
6000.3108  1.765824E-15
6000.7622  1.938471E-15
6001.2136  2.105744E-15
6001.6650  1.893220E-15
6002.1164  2.041916E-15
6002.5678  1.980910E-15
6003.0192  2.093570E-15
6003.4706  1.873732E-15
6003.9220  2.039097E-15
6004.3734  1.913196E-15
6004.8248  2.239985E-15
6005.2762  2.732670E-15
6005.7276  3.431239E-15
6006.1790  3.782607E-15
6006.6304  3.196811E-15
6007.0818  2.678361E-15
6007.5332  2.251935E-15
6007.9846  2.085127E-15
6008.4360  2.041446E-15
6008.8874  2.028313E-15
6009.3388  1.969455E-15
6009.7902  1.907310E-15
6010.2416  1.923082E-15
6010.6930  1.847932E-15
6011.1444  1.883026E-15
6011.5958  1.838363E-15
6012.0472  1.972701E-15
6012.4986  1.927876E-15
6012.9500  1.952942E-15
6013.4014  1.913980E-15
6013.8528  1.938373E-15
6014.3042  2.023687E-15
6014.7556  2.062002E-15
6015.2070  1.942773E-15
6015.6584  1.776975E-15
6016.1098  1.789285E-15
6016.5612  1.876724E-15
6017.0126  1.970572E-15
6017.4640  2.021112E-15
6017.9154  2.002067E-15
6018.3668  1.940784E-15
6018.8182  1.849977E-15
6019.2696  2.020500E-15
6019.7210  1.967094E-15
6020.1724  1.917132E-15
6020.6238  1.843825E-15
6021.0752  2.057431E-15
6021.5266  1.816550E-15
6021.9780  2.095716E-15
6022.4294  2.012527E-15
6022.8808  1.939252E-15
6023.3322  1.730814E-15
6023.7836  1.881778E-15
6024.2350  2.015195E-15
6024.6864  1.909933E-15
6025.1378  2.027942E-15
6025.5892  1.748581E-15
6026.0406  1.823659E-15
6026.4920  2.009582E-15
6026.9434  2.120140E-15
6027.3948  1.932287E-15
6027.8462  1.873263E-15
6028.2976  2.025399E-15
6028.7490  2.070679E-15
6029.2004  1.978900E-15
6029.6518  1.894788E-15
6030.1032  1.803085E-15
6030.5546  1.833163E-15
6031.0060  2.000029E-15
6031.4574  1.863353E-15
6031.9088  1.895798E-15
6032.3602  1.860075E-15
6032.8116  2.121824E-15
6033.2630  1.955719E-15
6033.7144  1.964253E-15
6034.1658  1.917935E-15
6034.6172  2.054276E-15
6035.0686  2.068697E-15
6035.5200  1.945500E-15
6035.9714  2.038479E-15
6036.4228  2.069435E-15
6036.8742  2.377055E-15
6037.3256  2.981018E-15
6037.7770  3.493670E-15
6038.2284  4.020052E-15
6038.6798  3.533061E-15
6039.1312  2.864057E-15
6039.5826  2.312698E-15
6040.0340  2.068650E-15
6040.4854  1.946526E-15
6040.9368  1.874274E-15
6041.3882  1.919033E-15
6041.8396  1.945203E-15
6042.2910  1.914527E-15
6042.7424  1.900806E-15
6043.1938  1.860094E-15
6043.6452  1.938803E-15
6044.0966  1.937598E-15
6044.5480  1.921496E-15
6044.9994  1.941340E-15
6045.4508  1.912108E-15
6045.9022  1.836993E-15
6046.3536  1.756227E-15
6046.8050  1.962345E-15
6047.2564  1.951773E-15
6047.7078  1.828846E-15
6048.1592  1.938730E-15
6048.6106  1.923093E-15
6049.0620  1.907158E-15
6049.5134  1.945131E-15
6049.9648  2.158357E-15
6050.4162  2.043202E-15
6050.8676  1.883662E-15
6051.3190  1.915096E-15
6051.7704  1.822540E-15
6052.2218  1.941815E-15
6052.6732  1.838021E-15
6053.1246  1.807032E-15
6053.5760  1.956329E-15
6054.0274  2.072412E-15
6054.4788  1.964356E-15
6054.9302  2.065068E-15
6055.3816  2.012989E-15
6055.8330  1.874973E-15
6056.2844  1.978580E-15
6056.7358  1.976359E-15
6057.1872  1.900450E-15
6057.6386  1.759705E-15
6058.0900  1.970849E-15
6058.5414  1.881242E-15
6058.9928  1.815083E-15
6059.4442  1.916268E-15
6059.8956  1.887634E-15
6060.3470  2.046706E-15
6060.7984  1.876867E-15
6061.2498  2.062474E-15
6061.7012  1.885512E-15
6062.1526  2.114568E-15
6062.6040  2.082825E-15
6063.0554  1.973583E-15
6063.5068  2.077483E-15
6063.9582  2.062348E-15
6064.4096  2.011416E-15
6064.8610  2.139840E-15
6065.3124  2.050694E-15
6065.7638  2.041001E-15
6066.2152  2.043584E-15
6066.6666  2.088684E-15
6067.1180  2.063334E-15
6067.5694  2.068218E-15
6068.0208  2.219141E-15
6068.4722  2.198871E-15
6068.9236  2.309337E-15
6069.3750  2.052011E-15
6069.8264  2.104074E-15
6070.2778  2.118616E-15
6070.7292  2.173233E-15
6071.1806  1.954860E-15
6071.6320  1.933485E-15
6072.0834  1.949484E-15
6072.5348  2.028069E-15
6072.9862  2.175513E-15
6073.4376  1.929418E-15
6073.8890  1.947609E-15
6074.3404  2.395504E-15
6074.7918  3.104318E-15
6075.2432  3.995935E-15
6075.6946  4.350106E-15
6076.1460  3.590471E-15
6076.5974  2.763977E-15
6077.0488  2.440456E-15
6077.5002  2.064382E-15
6077.9516  2.077812E-15
6078.4030  1.972793E-15
6078.8544  2.014289E-15
6079.3058  1.876554E-15
6079.7572  1.888479E-15
6080.2086  1.923748E-15
6080.6600  1.959674E-15
6081.1114  1.988711E-15
6081.5628  2.008233E-15
6082.0142  2.000148E-15
6082.4656  1.872261E-15
6082.9170  1.960617E-15
6083.3684  2.024108E-15
6083.8198  2.163541E-15
6084.2712  2.089331E-15
6084.7226  2.205722E-15
6085.1740  2.112674E-15
6085.6254  2.250144E-15
6086.0768  2.337300E-15
6086.5282  2.412144E-15
6086.9796  2.884355E-15
6087.4310  3.493496E-15
6087.8824  4.185215E-15
6088.3338  4.281353E-15
6088.7852  3.690960E-15
6089.2366  3.113501E-15
6089.6880  2.308628E-15
6090.1394  1.964008E-15
6090.5908  2.055720E-15
6091.0422  1.995565E-15
6091.4936  1.981182E-15
6091.9450  1.791952E-15
6092.3964  1.740797E-15
6092.8478  1.961844E-15
6093.2992  1.986172E-15
6093.7506  1.957747E-15
6094.2020  1.996777E-15
6094.6534  1.834995E-15
6095.1048  1.813066E-15
6095.5562  1.806128E-15
6096.0076  2.070747E-15
6096.4590  2.002974E-15
6096.9104  2.009721E-15
6097.3618  1.968799E-15
6097.8132  2.035780E-15
6098.2646  1.811680E-15
6098.7160  1.911112E-15
6099.1674  1.920160E-15
6099.6188  1.818358E-15
6100.0702  2.008257E-15
6100.5216  1.891347E-15
6100.9730  2.182774E-15
6101.4244  2.278466E-15
6101.8758  2.786702E-15
6102.3272  4.033603E-15
6102.7786  5.393404E-15
6103.2300  5.931988E-15
6103.6814  5.023496E-15
6104.1328  3.560330E-15
6104.5842  2.554010E-15
6105.0356  2.238362E-15
6105.4870  1.985860E-15
6105.9384  2.150223E-15
6106.3898  1.991776E-15
6106.8412  1.879658E-15
6107.2926  1.969772E-15
6107.7440  2.048210E-15
6108.1954  2.028059E-15
6108.6468  2.001674E-15
6109.0982  1.971726E-15
6109.5496  1.775432E-15
6110.0010  1.956843E-15
6110.4524  1.881329E-15
6110.9038  1.976560E-15
6111.3552  2.106749E-15
6111.8066  2.058342E-15
6112.2580  2.047960E-15
6112.7094  1.974469E-15
6113.1608  2.139360E-15
6113.6122  2.121537E-15
6114.0636  2.001432E-15
6114.5150  2.080004E-15
6114.9664  1.975384E-15
6115.4178  1.926154E-15
6115.8692  1.941355E-15
6116.3206  2.133238E-15
6116.7720  1.997825E-15
6117.2234  1.960694E-15
6117.6748  1.997909E-15
6118.1262  2.131352E-15
6118.5776  2.904385E-15
6119.0290  3.933382E-15
6119.4804  4.682685E-15
6119.9318  4.527320E-15
6120.3832  3.635627E-15
6120.8346  2.858375E-15
6121.2860  2.266457E-15
6121.7374  2.074484E-15
6122.1888  2.029592E-15
6122.6402  2.012965E-15
6123.0916  1.923813E-15
6123.5430  1.978781E-15
6123.9944  2.039441E-15
6124.4458  1.803262E-15
6124.8972  1.980972E-15
6125.3486  1.773105E-15
6125.8000  1.865184E-15
6126.2514  2.102243E-15
6126.7028  1.890716E-15
6127.1542  1.886943E-15
6127.6056  1.899564E-15
6128.0570  1.848034E-15
6128.5084  1.851597E-15
6128.9598  1.992355E-15
6129.4112  1.944800E-15
6129.8626  2.022739E-15
6130.3140  1.910534E-15
6130.7654  1.884121E-15
6131.2168  1.862563E-15
6131.6682  1.887815E-15
6132.1196  1.966558E-15
6132.5710  2.170933E-15
6133.0224  2.060785E-15
6133.4738  1.959761E-15
6133.9252  2.107629E-15
6134.3766  1.982109E-15
6134.8280  2.022557E-15
6135.2794  2.251016E-15
6135.7308  2.301269E-15
6136.1822  2.253089E-15
6136.6336  1.954584E-15
6137.0850  2.008986E-15
6137.5364  2.087506E-15
6137.9878  2.052028E-15
6138.4392  1.926721E-15
6138.8906  1.801366E-15
6139.3420  1.774416E-15
6139.7934  1.728331E-15
6140.2448  1.862502E-15
6140.6962  1.818436E-15
6141.1476  1.696028E-15
6141.5990  1.960674E-15
6142.0504  2.172474E-15
6142.5018  2.023020E-15
6142.9532  2.027738E-15
6143.4046  2.014223E-15
6143.8560  2.073169E-15
6144.3074  2.016867E-15
6144.7588  1.896092E-15
6145.2102  1.923662E-15
6145.6616  1.956827E-15
6146.1130  1.916902E-15
6146.5644  2.059158E-15
6147.0158  2.055862E-15
6147.4672  1.995749E-15
6147.9186  1.981430E-15
6148.3700  1.866998E-15
6148.8214  1.718842E-15
6149.2728  1.675506E-15
6149.7242  1.736550E-15
6150.1756  1.906130E-15
6150.6270  1.943176E-15
6151.0784  2.086709E-15
6151.5298  1.919387E-15
6151.9812  2.047458E-15
6152.4326  2.014320E-15
6152.8840  2.061024E-15
6153.3354  1.969527E-15
6153.7868  1.887554E-15
6154.2382  2.069263E-15
6154.6896  2.044804E-15
6155.1410  1.940307E-15
6155.5924  1.846165E-15
6156.0438  1.852682E-15
6156.4952  1.905781E-15
6156.9466  1.883490E-15
6157.3980  1.973232E-15
6157.8494  2.011422E-15
6158.3008  2.091681E-15
6158.7522  2.084791E-15
6159.2036  2.110220E-15
6159.6550  1.981524E-15
6160.1064  1.914522E-15
6160.5578  1.950264E-15
6161.0092  1.889222E-15
6161.4606  1.782284E-15
6161.9120  1.881517E-15
6162.3634  1.697628E-15
6162.8148  1.862864E-15
6163.2662  1.880388E-15
6163.7176  1.698648E-15
6164.1690  1.647088E-15
6164.6204  1.758000E-15
6165.0718  1.964947E-15
6165.5232  1.977610E-15
6165.9746  1.864891E-15
6166.4260  1.976123E-15
6166.8774  1.971344E-15
6167.3288  2.010166E-15
6167.7802  2.026338E-15
6168.2316  1.903469E-15
6168.6830  2.026655E-15
6169.1344  1.792833E-15
6169.5858  1.991013E-15
6170.0372  2.007204E-15
6170.4886  1.928651E-15
6170.9400  2.415452E-15
6171.3914  3.783154E-15
6171.8428  4.887907E-15
6172.2942  5.070515E-15
6172.7456  4.270672E-15
6173.1970  3.086880E-15
6173.6484  2.372387E-15
6174.0998  2.037035E-15
6174.5512  1.813895E-15
6175.0026  1.854488E-15
6175.4540  1.899244E-15
6175.9054  1.862254E-15
6176.3568  1.782621E-15
6176.8082  1.696370E-15
6177.2596  1.972215E-15
6177.7110  1.811084E-15
6178.1624  1.698651E-15
6178.6138  1.818266E-15
6179.0652  1.855966E-15
6179.5166  1.949191E-15
6179.9680  2.037339E-15
6180.4194  1.967851E-15
6180.8708  2.095792E-15
6181.3222  2.006238E-15
6181.7736  1.775609E-15
6182.2250  1.781400E-15
6182.6764  1.888955E-15
6183.1278  1.953663E-15
6183.5792  1.887205E-15
6184.0306  2.079412E-15
6184.4820  2.118919E-15
6184.9334  2.044107E-15
6185.3848  1.952236E-15
6185.8362  2.049242E-15
6186.2876  2.018230E-15
6186.7390  2.014445E-15
6187.1904  1.888600E-15
6187.6418  2.096034E-15
6188.0932  1.924732E-15
6188.5446  2.051771E-15
6188.9960  2.254547E-15
6189.4474  2.086268E-15
6189.8988  2.168202E-15
6190.3502  2.089827E-15
6190.8016  2.148585E-15
6191.2530  2.174578E-15
6191.7044  2.120131E-15
6192.1558  2.187061E-15
6192.6072  2.200022E-15
6193.0586  2.186523E-15
6193.5100  2.203924E-15
6193.9614  2.286684E-15
6194.4128  2.356600E-15
6194.8642  2.534841E-15
6195.3156  2.467744E-15
6195.7670  2.247167E-15
6196.2184  2.195277E-15
6196.6698  2.197852E-15
6197.1212  2.532031E-15
6197.5726  2.481725E-15
6198.0240  2.360143E-15
6198.4754  2.400463E-15
6198.9268  2.301326E-15
6199.3782  2.207989E-15
6199.8296  2.223820E-15
6200.2810  2.376124E-15
6200.7324  2.370705E-15
6201.1838  2.277696E-15
6201.6352  2.305196E-15
6202.0866  2.283502E-15
6202.5380  2.361267E-15
6202.9894  2.148886E-15
6203.4408  2.248768E-15
6203.8922  2.348427E-15
6204.3436  2.443558E-15
6204.7950  2.350618E-15
6205.2464  2.200593E-15
6205.6978  2.256879E-15
6206.1492  2.506902E-15
6206.6006  2.421692E-15
6207.0520  2.510925E-15
6207.5034  2.569345E-15
6207.9548  2.361823E-15
6208.4062  2.237077E-15
6208.8576  2.046663E-15
6209.3090  2.226326E-15
6209.7604  2.377260E-15
6210.2118  2.303142E-15
6210.6632  2.366915E-15
6211.1146  2.238276E-15
6211.5660  2.334042E-15
6212.0174  2.174959E-15
6212.4688  2.195873E-15
6212.9202  2.182440E-15
6213.3716  2.263342E-15
6213.8230  2.212848E-15
6214.2744  2.094333E-15
6214.7258  2.389350E-15
6215.1772  2.488287E-15
6215.6286  2.426795E-15
6216.0800  2.415797E-15
6216.5314  2.212269E-15
6216.9828  2.198467E-15
6217.4342  2.161372E-15
6217.8856  2.052805E-15
6218.3370  2.227368E-15
6218.7884  2.240923E-15
6219.2398  2.281597E-15
6219.6912  2.409196E-15
6220.1426  2.485036E-15
6220.5940  2.452144E-15
6221.0454  2.497977E-15
6221.4968  2.240649E-15
6221.9482  2.166167E-15
6222.3996  2.129994E-15
6222.8510  2.361003E-15
6223.3024  2.330500E-15
6223.7538  2.416019E-15
6224.2052  2.311100E-15
6224.6566  2.286689E-15
6225.1080  2.141306E-15
6225.5594  2.220812E-15
6226.0108  2.242715E-15
6226.4622  2.062324E-15
6226.9136  2.111053E-15
6227.3650  2.275970E-15
6227.8164  2.243731E-15
6228.2678  2.162274E-15
6228.7192  2.304493E-15
6229.1706  2.491829E-15
6229.6220  2.497792E-15
6230.0734  2.503055E-15
6230.5248  2.317550E-15
6230.9762  2.323863E-15
6231.4276  2.511501E-15
6231.8790  2.207067E-15
6232.3304  2.188977E-15
6232.7818  2.324634E-15
6233.2332  2.337797E-15
6233.6846  2.714320E-15
6234.1360  3.466653E-15
6234.5874  4.971873E-15
6235.0388  6.281310E-15
6235.4902  6.128342E-15
6235.9416  4.432919E-15
6236.3930  3.418830E-15
6236.8444  2.704943E-15
6237.2958  2.282744E-15
6237.7472  2.333102E-15
6238.1986  2.249909E-15
6238.6500  2.201838E-15
6239.1014  2.142750E-15
6239.5528  2.297367E-15
6240.0042  2.440799E-15
6240.4556  2.219753E-15
6240.9070  2.093716E-15
6241.3584  2.147414E-15
6241.8098  2.152049E-15
6242.2612  2.159090E-15
6242.7126  2.151653E-15
6243.1640  2.298275E-15
6243.6154  2.278090E-15
6244.0668  2.113585E-15
6244.5182  2.158327E-15
6244.9696  2.173709E-15
6245.4210  2.313437E-15
6245.8724  2.162029E-15
6246.3238  2.051377E-15
6246.7752  2.304589E-15
6247.2266  2.232954E-15
6247.6780  2.419175E-15
6248.1294  2.335302E-15
6248.5808  2.221238E-15
6249.0322  2.229515E-15
6249.4836  2.135282E-15
6249.9350  2.108315E-15
6250.3864  2.072285E-15
6250.8378  2.186696E-15
6251.2892  2.121962E-15
6251.7406  2.325121E-15
6252.1920  2.352672E-15
6252.6434  2.145750E-15
6253.0948  2.024355E-15
6253.5462  2.291586E-15
6253.9976  2.433239E-15
6254.4490  2.233964E-15
6254.9004  2.156553E-15
6255.3518  2.292280E-15
6255.8032  2.239001E-15
6256.2546  2.310272E-15
6256.7060  2.094841E-15
6257.1574  2.319555E-15
6257.6088  2.255589E-15
6258.0602  2.161966E-15
6258.5116  2.079994E-15
6258.9630  2.227940E-15
6259.4144  2.334035E-15
6259.8658  2.435468E-15
6260.3172  2.228988E-15
6260.7686  2.095021E-15
6261.2200  2.131755E-15
6261.6714  2.325196E-15
6262.1228  2.237320E-15
6262.5742  2.359367E-15
6263.0256  2.441730E-15
6263.4770  2.148877E-15
6263.9284  2.119561E-15
6264.3798  2.353516E-15
6264.8312  2.242439E-15
6265.2826  2.093418E-15
6265.7340  2.073846E-15
6266.1854  2.106904E-15
6266.6368  2.108994E-15
6267.0882  2.222181E-15
6267.5396  2.230142E-15
6267.9910  2.194681E-15
6268.4424  2.115822E-15
6268.8938  2.242841E-15
6269.3452  2.194183E-15
6269.7966  2.105763E-15
6270.2480  2.220042E-15
6270.6994  2.127369E-15
6271.1508  2.074160E-15
6271.6022  2.159279E-15
6272.0536  2.281119E-15
6272.5050  2.343983E-15
6272.9564  2.165755E-15
6273.4078  2.131499E-15
6273.8592  2.355767E-15
6274.3106  2.294018E-15
6274.7620  2.302334E-15
6275.2134  2.345813E-15
6275.6648  2.296602E-15
6276.1162  2.241537E-15
6276.5676  2.165760E-15
6277.0190  2.110776E-15
6277.4704  2.182414E-15
6277.9218  2.086450E-15
6278.3732  1.846751E-15
6278.8246  2.172180E-15
6279.2760  1.874012E-15
6279.7274  2.156348E-15
6280.1788  2.034613E-15
6280.6302  2.052345E-15
6281.0816  2.220161E-15
6281.5330  1.969898E-15
6281.9844  2.106007E-15
6282.4358  2.094205E-15
6282.8872  2.051996E-15
6283.3386  1.976732E-15
6283.7900  2.086892E-15
6284.2414  2.008910E-15
6284.6928  2.130294E-15
6285.1442  2.165030E-15
6285.5956  2.186850E-15
6286.0470  2.185941E-15
6286.4984  2.421157E-15
6286.9498  2.326173E-15
6287.4012  1.839434E-15
6287.8526  1.753973E-15
6288.3040  2.079476E-15
6288.7554  2.287084E-15
6289.2068  2.341626E-15
6289.6582  2.254633E-15
6290.1096  2.133139E-15
6290.5610  1.942555E-15
6291.0124  2.082493E-15
6291.4638  2.116061E-15
6291.9152  2.312794E-15
6292.3666  2.057853E-15
6292.8180  1.934960E-15
6293.2694  2.134811E-15
6293.7208  2.052164E-15
6294.1722  2.282705E-15
6294.6236  2.285366E-15
6295.0750  2.185598E-15
6295.5264  2.214274E-15
6295.9778  2.220709E-15
6296.4292  2.135850E-15
6296.8806  2.292456E-15
6297.3320  2.182441E-15
6297.7834  2.205181E-15
6298.2348  1.998582E-15
6298.6862  2.346361E-15
6299.1376  3.612806E-15
6299.5890  6.511367E-15
6300.0404  6.197614E-15
6300.4918  8.730423E-15
6300.9432  2.201827E-14
6301.3946  3.637921E-14
6301.8460  3.983606E-14
6302.2974  3.338580E-14
6302.7488  2.006985E-14
6303.2002  8.140137E-15
6303.6516  3.338004E-15
6304.1030  2.313848E-15
6304.5544  2.212623E-15
6305.0058  2.225691E-15
6305.4572  2.167810E-15
6305.9086  2.245254E-15
6306.3600  2.480925E-15
6306.8114  1.983893E-15
6307.2628  1.679519E-15
6307.7142  1.877963E-15
6308.1656  2.301769E-15
6308.6170  2.211690E-15
6309.0684  2.128924E-15
6309.5198  1.992710E-15
6309.9712  2.170004E-15
6310.4226  2.392974E-15
6310.8740  2.899813E-15
6311.3254  4.593464E-15
6311.7768  7.385611E-15
6312.2282  1.270988E-14
6312.6796  2.120602E-14
6313.1310  2.863427E-14
6313.5824  2.976187E-14
6314.0338  2.437941E-14
6314.4852  1.447630E-14
6314.9366  6.030149E-15
6315.3880  2.676055E-15
6315.8394  2.233089E-15
6316.2908  2.228757E-15
6316.7422  2.232500E-15
6317.1936  2.353607E-15
6317.6450  2.205022E-15
6318.0964  2.096030E-15
6318.5478  2.204143E-15
6318.9992  2.020090E-15
6319.4506  2.222728E-15
6319.9020  2.129155E-15
6320.3534  2.274577E-15
6320.8048  2.195522E-15
6321.2562  2.060461E-15
6321.7076  2.200548E-15
6322.1590  2.047347E-15
6322.6104  2.202297E-15
6323.0618  2.499920E-15
6323.5132  2.320812E-15
6323.9646  2.287332E-15
6324.4160  2.156432E-15
6324.8674  2.216993E-15
6325.3188  2.231269E-15
6325.7702  2.215502E-15
6326.2216  2.245883E-15
6326.6730  2.124923E-15
6327.1244  2.228827E-15
6327.5758  2.146309E-15
6328.0272  2.195032E-15
6328.4786  2.348904E-15
6328.9300  2.285043E-15
6329.3814  2.322494E-15
6329.8328  2.181467E-15
6330.2842  2.066995E-15
6330.7356  2.267726E-15
6331.1870  2.303006E-15
6331.6384  2.169044E-15
6332.0898  2.127046E-15
6332.5412  1.995227E-15
6332.9926  2.220019E-15
6333.4440  2.254594E-15
6333.8954  2.287501E-15
6334.3468  2.279890E-15
6334.7982  2.200323E-15
6335.2496  2.169005E-15
6335.7010  2.156827E-15
6336.1524  2.202253E-15
6336.6038  2.307329E-15
6337.0552  2.227158E-15
6337.5066  2.213981E-15
6337.9580  2.209649E-15
6338.4094  2.252019E-15
6338.8608  2.265673E-15
6339.3122  2.345800E-15
6339.7636  2.021142E-15
6340.2150  2.036763E-15
6340.6664  2.214735E-15
6341.1178  2.274698E-15
6341.5692  2.276246E-15
6342.0206  2.221573E-15
6342.4720  2.040855E-15
6342.9234  2.045956E-15
6343.3748  2.139318E-15
6343.8262  2.242169E-15
6344.2776  2.149333E-15
6344.7290  2.347194E-15
6345.1804  2.507633E-15
6345.6318  2.340246E-15
6346.0832  2.236724E-15
6346.5346  2.229233E-15
6346.9860  2.143646E-15
6347.4374  2.082212E-15
6347.8888  2.061453E-15
6348.3402  2.238657E-15
6348.7916  2.172065E-15
6349.2430  2.527076E-15
6349.6944  2.390420E-15
6350.1458  2.288704E-15
6350.5972  2.301090E-15
6351.0486  2.261815E-15
6351.5000  2.238595E-15
6351.9514  2.093640E-15
6352.4028  2.102535E-15
6352.8542  2.180484E-15
6353.3056  2.114294E-15
6353.7570  2.048226E-15
6354.2084  2.254216E-15
6354.6598  2.220372E-15
6355.1112  2.253644E-15
6355.5626  2.245512E-15
6356.0140  2.089856E-15
6356.4654  2.094793E-15
6356.9168  2.150256E-15
6357.3682  2.296381E-15
6357.8196  2.144140E-15
6358.2710  2.239376E-15
6358.7224  2.162958E-15
6359.1738  2.132593E-15
6359.6252  2.220472E-15
6360.0766  2.233972E-15
6360.5280  1.906684E-15
6360.9794  2.026599E-15
6361.4308  2.090796E-15
6361.8822  2.221771E-15
6362.3336  2.561531E-15
6362.7850  2.855465E-15
6363.2364  3.765797E-15
6363.6878  3.340372E-15
6364.1392  5.336122E-15
6364.5906  1.129829E-14
6365.0420  1.474871E-14
6365.4934  1.472974E-14
6365.9448  1.120309E-14
6366.3962  6.426487E-15
6366.8476  3.202124E-15
6367.2990  2.453904E-15
6367.7504  2.253002E-15
6368.2018  2.070518E-15
6368.6532  2.178431E-15
6369.1046  2.159421E-15
6369.5560  2.181338E-15
6370.0074  2.287326E-15
6370.4588  2.193290E-15
6370.9102  2.292711E-15
6371.3616  2.295463E-15
6371.8130  2.223337E-15
6372.2644  2.201540E-15
6372.7158  2.129326E-15
6373.1672  2.410387E-15
6373.6186  2.350303E-15
6374.0700  2.194901E-15
6374.5214  2.116940E-15
6374.9728  2.018394E-15
6375.4242  2.249182E-15
6375.8756  2.234086E-15
6376.3270  2.125625E-15
6376.7784  2.254617E-15
6377.2298  2.214986E-15
6377.6812  1.964646E-15
6378.1326  2.104827E-15
6378.5840  2.301803E-15
6379.0354  2.069685E-15
6379.4868  1.995264E-15
6379.9382  2.113514E-15
6380.3896  1.985072E-15
6380.8410  2.083174E-15
6381.2924  2.047176E-15
6381.7438  2.332533E-15
6382.1952  2.373094E-15
6382.6466  2.225519E-15
6383.0980  2.130523E-15
6383.5494  2.102320E-15
6384.0008  2.288337E-15
6384.4522  2.187667E-15
6384.9036  2.124616E-15
6385.3550  2.244000E-15
6385.8064  2.216497E-15
6386.2578  2.189072E-15
6386.7092  2.180507E-15
6387.1606  2.065964E-15
6387.6120  2.020471E-15
6388.0634  2.185318E-15
6388.5148  2.238177E-15
6388.9662  2.147982E-15
6389.4176  2.249073E-15
6389.8690  2.484578E-15
6390.3204  2.173253E-15
6390.7718  2.067409E-15
6391.2232  2.115162E-15
6391.6746  2.046491E-15
6392.1260  2.205341E-15
6392.5774  2.322023E-15
6393.0288  2.060111E-15
6393.4802  1.968457E-15
6393.9316  2.177656E-15
6394.3830  2.367074E-15
6394.8344  2.481497E-15
6395.2858  2.602154E-15
6395.7372  2.603710E-15
6396.1886  2.632439E-15
6396.6400  2.317445E-15
6397.0914  2.139938E-15
6397.5428  1.927542E-15
6397.9942  2.252036E-15
6398.4456  2.460192E-15
6398.8970  2.224574E-15
6399.3484  2.152019E-15
6399.7998  2.201748E-15
6400.2512  2.396017E-15
6400.7026  2.264124E-15
6401.1540  2.420087E-15
6401.6054  2.181835E-15
6402.0568  2.337233E-15
6402.5082  2.206473E-15
6402.9596  2.196985E-15
6403.4110  2.495247E-15
6403.8624  2.241575E-15
6404.3138  2.206981E-15
6404.7652  2.268585E-15
6405.2166  2.120783E-15
6405.6680  2.289429E-15
6406.1194  2.908923E-15
6406.5708  3.797565E-15
6407.0222  5.564551E-15
6407.4736  7.728641E-15
6407.9250  8.209507E-15
6408.3764  7.119186E-15
6408.8278  4.823773E-15
6409.2792  3.215094E-15
6409.7306  2.578643E-15
6410.1820  2.475448E-15
6410.6334  2.184035E-15
6411.0848  2.222332E-15
6411.5362  2.222951E-15
6411.9876  2.276823E-15
6412.4390  2.223327E-15
6412.8904  2.080607E-15
6413.3418  2.149994E-15
6413.7932  2.105108E-15
6414.2446  2.247168E-15
6414.6960  2.224410E-15
6415.1474  2.192912E-15
6415.5988  2.349000E-15
6416.0502  2.174714E-15
6416.5016  2.155710E-15
6416.9530  2.057312E-15
6417.4044  2.189635E-15
6417.8558  2.297217E-15
6418.3072  2.226561E-15
6418.7586  2.220582E-15
6419.2100  2.220957E-15
6419.6614  1.946045E-15
6420.1128  2.172370E-15
6420.5642  2.232555E-15
6421.0156  2.226455E-15
6421.4670  2.202172E-15
6421.9184  2.264198E-15
6422.3698  2.361917E-15
6422.8212  2.252948E-15
6423.2726  2.177114E-15
6423.7240  2.058773E-15
6424.1754  2.219009E-15
6424.6268  2.257098E-15
6425.0782  2.381144E-15
6425.5296  2.423870E-15
6425.9810  1.981774E-15
6426.4324  2.040658E-15
6426.8838  2.284743E-15
6427.3352  2.072971E-15
6427.7866  2.041123E-15
6428.2380  2.220402E-15
6428.6894  1.959785E-15
6429.1408  2.129070E-15
6429.5922  2.261842E-15
6430.0436  2.176858E-15
6430.4950  2.157098E-15
6430.9464  2.080204E-15
6431.3978  2.470347E-15
6431.8492  2.353805E-15
6432.3006  2.198065E-15
6432.7520  2.239663E-15
6433.2034  2.233217E-15
6433.6548  2.269797E-15
6434.1062  2.196598E-15
6434.5576  2.468233E-15
6435.0090  4.113292E-15
6435.4604  9.043645E-15
6435.9118  1.661257E-14
6436.3632  2.160236E-14
6436.8146  1.942937E-14
6437.2660  1.206768E-14
6437.7174  5.784872E-15
6438.1688  3.071541E-15
6438.6202  2.455165E-15
6439.0716  2.430062E-15
6439.5230  2.243321E-15
6439.9744  2.092594E-15
6440.4258  2.432068E-15
6440.8772  2.133276E-15
6441.3286  2.144029E-15
6441.7800  2.389178E-15
6442.2314  2.294965E-15
6442.6828  2.225715E-15
6443.1342  2.252130E-15
6443.5856  2.243716E-15
6444.0370  2.355791E-15
6444.4884  2.241093E-15
6444.9398  2.132643E-15
6445.3912  2.103719E-15
6445.8426  2.122585E-15
6446.2940  2.180298E-15
6446.7454  2.111607E-15
6447.1968  2.012800E-15
6447.6482  2.064085E-15
6448.0996  2.320515E-15
6448.5510  2.324191E-15
6449.0024  2.474824E-15
6449.4538  2.275848E-15
6449.9052  2.094114E-15
6450.3566  2.055570E-15
6450.8080  2.283517E-15
6451.2594  2.201361E-15
6451.7108  2.373239E-15
6452.1622  2.186635E-15
6452.6136  2.072529E-15
6453.0650  2.333577E-15
6453.5164  2.391155E-15
6453.9678  2.419234E-15
6454.4192  2.395279E-15
6454.8706  2.203396E-15
6455.3220  2.241072E-15
6455.7734  2.126705E-15
6456.2248  2.231450E-15
6456.6762  2.049406E-15
6457.1276  2.022149E-15
6457.5790  2.173768E-15
6458.0304  2.321552E-15
6458.4818  2.251008E-15
6458.9332  2.391637E-15
6459.3846  2.396220E-15
6459.8360  2.402458E-15
6460.2874  2.219241E-15
6460.7388  2.362385E-15
6461.1902  2.206763E-15
6461.6416  2.150426E-15
6462.0930  2.483019E-15
6462.5444  2.667593E-15
6462.9958  2.826479E-15
6463.4472  2.710154E-15
6463.8986  2.328384E-15
6464.3500  2.161518E-15
6464.8014  2.196727E-15
6465.2528  2.290988E-15
6465.7042  2.204939E-15
6466.1556  2.212418E-15
6466.6070  2.227936E-15
6467.0584  2.203218E-15
6467.5098  2.422132E-15
6467.9612  2.433648E-15
6468.4126  2.365790E-15
6468.8640  2.352251E-15
6469.3154  2.210348E-15
6469.7668  2.373146E-15
6470.2182  2.298182E-15
6470.6696  2.299415E-15
6471.1210  2.057577E-15
6471.5724  2.058155E-15
6472.0238  2.377332E-15
6472.4752  2.158831E-15
6472.9266  2.262526E-15
6473.3780  2.390489E-15
6473.8294  2.383307E-15
6474.2808  2.384016E-15
6474.7322  2.252909E-15
6475.1836  2.080841E-15
6475.6350  2.087749E-15
6476.0864  1.939787E-15
6476.5378  2.181785E-15
6476.9892  2.190306E-15
6477.4406  2.150314E-15
6477.8920  2.173843E-15
6478.3434  2.280116E-15
6478.7948  2.261965E-15
6479.2462  2.171671E-15
6479.6976  2.232220E-15
6480.1490  2.339714E-15
6480.6004  2.407573E-15
6481.0518  2.315563E-15
6481.5032  2.240152E-15
6481.9546  2.190329E-15
6482.4060  2.069759E-15
6482.8574  2.441459E-15
6483.3088  2.351820E-15
6483.7602  2.405905E-15
6484.2116  2.403583E-15
6484.6630  2.404900E-15
6485.1144  2.292049E-15
6485.5658  2.299380E-15
6486.0172  2.166825E-15
6486.4686  2.256814E-15
6486.9200  2.153605E-15
6487.3714  2.262718E-15
6487.8228  2.342599E-15
6488.2742  2.311054E-15
6488.7256  2.248920E-15
6489.1770  2.261560E-15
6489.6284  2.082247E-15
6490.0798  2.206640E-15
6490.5312  2.232427E-15
6490.9826  2.125840E-15
6491.4340  2.294835E-15
6491.8854  2.162424E-15
6492.3368  2.182706E-15
6492.7882  2.020453E-15
6493.2396  2.289681E-15
6493.6910  2.265030E-15
6494.1424  2.516303E-15
6494.5938  2.396326E-15
6495.0452  2.508945E-15
6495.4966  2.368120E-15
6495.9480  2.272430E-15
6496.3994  2.342839E-15
6496.8508  2.384773E-15
6497.3022  2.189577E-15
6497.7536  2.350363E-15
6498.2050  2.492412E-15
6498.6564  2.375529E-15
6499.1078  2.071292E-15
6499.5592  2.349634E-15
6500.0106  2.221769E-15
6500.4620  2.341970E-15
6500.9134  2.382870E-15
6501.3648  2.354311E-15
6501.8162  2.474253E-15
6502.2676  2.419632E-15
6502.7190  2.165351E-15
6503.1704  2.274657E-15
6503.6218  2.244331E-15
6504.0732  2.399982E-15
6504.5246  2.492292E-15
6504.9760  2.249944E-15
6505.4274  2.190812E-15
6505.8788  2.334283E-15
6506.3302  2.427904E-15
6506.7816  2.390140E-15
6507.2330  2.584849E-15
6507.6844  2.362910E-15
6508.1358  2.311817E-15
6508.5872  2.447394E-15
6509.0386  2.215637E-15
6509.4900  2.470959E-15
6509.9414  2.446172E-15
6510.3928  2.394126E-15
6510.8442  2.384670E-15
6511.2956  2.350472E-15
6511.7470  2.309120E-15
6512.1984  2.325717E-15
6512.6498  2.283463E-15
6513.1012  2.302777E-15
6513.5526  2.325566E-15
6514.0040  2.478256E-15
6514.4554  2.345153E-15
6514.9068  2.570455E-15
6515.3582  2.321060E-15
6515.8096  2.316042E-15
6516.2610  2.488682E-15
6516.7124  2.704515E-15
6517.1638  2.896070E-15
6517.6152  3.057790E-15
6518.0666  2.967536E-15
6518.5180  2.729176E-15
6518.9694  2.609731E-15
6519.4208  2.596177E-15
6519.8722  2.577572E-15
6520.3236  2.505562E-15
6520.7750  2.611749E-15
6521.2264  2.598919E-15
6521.6778  2.826444E-15
6522.1292  2.450636E-15
6522.5806  2.258390E-15
6523.0320  2.342612E-15
6523.4834  2.571521E-15
6523.9348  2.565176E-15
6524.3862  2.470337E-15
6524.8376  2.612636E-15
6525.2890  2.513477E-15
6525.7404  2.559002E-15
6526.1918  2.550166E-15
6526.6432  2.647530E-15
6527.0946  3.282351E-15
6527.5460  5.518660E-15
6527.9974  8.235022E-15
6528.4488  1.042253E-14
6528.9002  9.770611E-15
6529.3516  7.222867E-15
6529.8030  4.247716E-15
6530.2544  2.849855E-15
6530.7058  2.557958E-15
6531.1572  2.403711E-15
6531.6086  2.428075E-15
6532.0600  2.372204E-15
6532.5114  2.661128E-15
6532.9628  2.532827E-15
6533.4142  2.162860E-15
6533.8656  2.367359E-15
6534.3170  2.500736E-15
6534.7684  2.410766E-15
6535.2198  2.531290E-15
6535.6712  2.611644E-15
6536.1226  2.575014E-15
6536.5740  2.562286E-15
6537.0254  2.674299E-15
6537.4768  2.354252E-15
6537.9282  2.474812E-15
6538.3796  2.639930E-15
6538.8310  2.558946E-15
6539.2824  2.642181E-15
6539.7338  2.652937E-15
6540.1852  2.552006E-15
6540.6366  2.779809E-15
6541.0880  2.855467E-15
6541.5394  2.789686E-15
6541.9908  2.763126E-15
6542.4422  2.620313E-15
6542.8936  2.559636E-15
6543.3450  2.545728E-15
6543.7964  2.531301E-15
6544.2478  2.549371E-15
6544.6992  2.668300E-15
6545.1506  2.810070E-15
6545.6020  2.902622E-15
6546.0534  3.071369E-15
6546.5048  3.321366E-15
6546.9562  4.348474E-15
6547.4076  9.827130E-15
6547.8590  3.821735E-14
6548.3104  1.483640E-13
6548.7618  4.215457E-13
6549.2132  6.713998E-13
6549.6646  7.322841E-13
6550.1160  6.046998E-13
6550.5674  2.987956E-13
6551.0188  7.314020E-14
6551.4702  1.592951E-14
6551.9216  5.701553E-15
6552.3730  3.648495E-15
6552.8244  3.425744E-15
6553.2758  3.389170E-15
6553.7272  3.006641E-15
6554.1786  2.963354E-15
6554.6300  3.206891E-15
6555.0814  3.240080E-15
6555.5328  3.281754E-15
6555.9842  3.105510E-15
6556.4356  3.101908E-15
6556.8870  2.999550E-15
6557.3384  3.206783E-15
6557.7898  3.451110E-15
6558.2412  3.386519E-15
6558.6926  3.408617E-15
6559.1440  3.990451E-15
6559.5954  6.855669E-15
6560.0468  2.018136E-14
6560.4982  6.308612E-14
6560.9496  1.335130E-13
6561.4010  1.867163E-13
6561.8524  1.942749E-13
6562.3038  1.773086E-13
6562.7552  2.525506E-13
6563.2066  9.603958E-13
6563.6580  2.084279E-12
6564.1094  2.529507E-12
6564.5608  2.485195E-12
6565.0122  2.039301E-12
6565.4636  1.188408E-12
6565.9150  2.262819E-13
6566.3664  2.064101E-14
6566.8178  1.020715E-14
6567.2692  6.485155E-15
6567.7206  5.027462E-15
6568.1720  4.542211E-15
6568.6234  4.152349E-15
6569.0748  4.032358E-15
6569.5262  3.519221E-15
6569.9776  3.355334E-15
6570.4290  3.176465E-15
6570.8804  2.938510E-15
6571.3318  2.975532E-15
6571.7832  2.878467E-15
6572.2346  2.827975E-15
6572.6860  2.711215E-15
6573.1374  2.752168E-15
6573.5888  2.716951E-15
6574.0402  2.882924E-15
6574.4916  2.811290E-15
6574.9430  2.829006E-15
6575.3944  2.660498E-15
6575.8458  2.620996E-15
6576.2972  2.757001E-15
6576.7486  2.802034E-15
6577.2000  3.031436E-15
6577.6514  2.474677E-15
6578.1028  2.654885E-15
6578.5542  3.445171E-15
6579.0056  4.044454E-15
6579.4570  4.448162E-15
6579.9084  4.189040E-15
6580.3598  3.919985E-15
6580.8112  3.617952E-15
6581.2626  3.702801E-15
6581.7140  4.271854E-15
6582.1654  6.066315E-15
6582.6168  1.081213E-14
6583.0682  3.273386E-14
6583.5196  2.994451E-13
6583.9710  1.102598E-12
6584.4224  1.808042E-12
6584.8738  2.141520E-12
6585.3252  1.906525E-12
6585.7766  1.354090E-12
6586.2280  3.819672E-13
6586.6794  5.538080E-14
6587.1308  1.892288E-14
6587.5822  7.259786E-15
6588.0336  5.041562E-15
6588.4850  4.293852E-15
6588.9364  3.875296E-15
6589.3878  3.540236E-15
6589.8392  3.407903E-15
6590.2906  3.206663E-15
6590.7420  3.064468E-15
6591.1934  2.840867E-15
6591.6448  2.686818E-15
6592.0962  2.609556E-15
6592.5476  2.757621E-15
6592.9990  2.625659E-15
6593.4504  2.576222E-15
6593.9018  2.437047E-15
6594.3532  2.461240E-15
6594.8046  2.593871E-15
6595.2560  2.537353E-15
6595.7074  2.362252E-15
6596.1588  2.258104E-15
6596.6102  2.387650E-15
6597.0616  2.373542E-15
6597.5130  2.484310E-15
6597.9644  2.563270E-15
6598.4158  2.398762E-15
6598.8672  2.447913E-15
6599.3186  2.401807E-15
6599.7700  2.477607E-15
6600.2214  2.412311E-15
6600.6728  2.393410E-15
6601.1242  2.371922E-15
6601.5756  2.529296E-15
6602.0270  2.525474E-15
6602.4784  2.387742E-15
6602.9298  2.493117E-15
6603.3812  2.497004E-15
6603.8326  2.625951E-15
6604.2840  2.350101E-15
6604.7354  2.295146E-15
6605.1868  2.406482E-15
6605.6382  2.651081E-15
6606.0896  2.439312E-15
6606.5410  2.433032E-15
6606.9924  2.420394E-15
6607.4438  2.297372E-15
6607.8952  2.522185E-15
6608.3466  2.501943E-15
6608.7980  2.374383E-15
6609.2494  2.244065E-15
6609.7008  2.273734E-15
6610.1522  2.408580E-15
6610.6036  2.401127E-15
6611.0550  2.377652E-15
6611.5064  2.312920E-15
6611.9578  2.423666E-15
6612.4092  2.324023E-15
6612.8606  2.502920E-15
6613.3120  2.281692E-15
6613.7634  2.110156E-15
6614.2148  2.166917E-15
6614.6662  2.300270E-15
6615.1176  2.450312E-15
6615.5690  2.367782E-15
6616.0204  2.422361E-15
6616.4718  2.461059E-15
6616.9232  2.397805E-15
6617.3746  2.404171E-15
6617.8260  2.320902E-15
6618.2774  2.164163E-15
6618.7288  2.277025E-15
6619.1802  2.362062E-15
6619.6316  2.454346E-15
6620.0830  2.382024E-15
6620.5344  2.304227E-15
6620.9858  2.298974E-15
6621.4372  2.314900E-15
6621.8886  2.255518E-15
6622.3400  2.245870E-15
6622.7914  2.312509E-15
6623.2428  2.451751E-15
6623.6942  2.295886E-15
6624.1456  2.290210E-15
6624.5970  2.364686E-15
6625.0484  2.515210E-15
6625.4998  2.308248E-15
6625.9512  2.349781E-15
6626.4026  2.524147E-15
6626.8540  2.377062E-15
6627.3054  2.318570E-15
6627.7568  2.418225E-15
6628.2082  2.528524E-15
6628.6596  2.545190E-15
6629.1110  2.267789E-15
6629.5624  2.187088E-15
6630.0138  2.459110E-15
6630.4652  2.410654E-15
6630.9166  2.387441E-15
6631.3680  2.457812E-15
6631.8194  2.352055E-15
6632.2708  2.429996E-15
6632.7222  2.343305E-15
6633.1736  2.245315E-15
6633.6250  2.481087E-15
6634.0764  2.446566E-15
6634.5278  2.290193E-15
6634.9792  2.456222E-15
6635.4306  2.502227E-15
6635.8820  2.386645E-15
6636.3334  2.320757E-15
6636.7848  2.356591E-15
6637.2362  2.292682E-15
6637.6876  2.380079E-15
6638.1390  2.325226E-15
6638.5904  2.461456E-15
6639.0418  2.558116E-15
6639.4932  2.421091E-15
6639.9446  2.282575E-15
6640.3960  2.373505E-15
6640.8474  2.554079E-15
6641.2988  2.485855E-15
6641.7502  2.439316E-15
6642.2016  2.347981E-15
6642.6530  2.133450E-15
6643.1044  2.294736E-15
6643.5558  2.525890E-15
6644.0072  2.710764E-15
6644.4586  2.457955E-15
6644.9100  2.405157E-15
6645.3614  2.390139E-15
6645.8128  2.317545E-15
6646.2642  2.265589E-15
6646.7156  2.392367E-15
6647.1670  2.496583E-15
6647.6184  2.377856E-15
6648.0698  2.448772E-15
6648.5212  2.571048E-15
6648.9726  2.399498E-15
6649.4240  2.312307E-15
6649.8754  2.452229E-15
6650.3268  2.398202E-15
6650.7782  2.421959E-15
6651.2296  2.318323E-15
6651.6810  2.418781E-15
6652.1324  2.426063E-15
6652.5838  2.290942E-15
6653.0352  2.292933E-15
6653.4866  2.437652E-15
6653.9380  2.424785E-15
6654.3894  2.318975E-15
6654.8408  2.335724E-15
6655.2922  2.151596E-15
6655.7436  2.193421E-15
6656.1950  2.279465E-15
6656.6464  2.571880E-15
6657.0978  2.492208E-15
6657.5492  2.547230E-15
6658.0006  2.546568E-15
6658.4520  2.263667E-15
6658.9034  2.281281E-15
6659.3548  2.414276E-15
6659.8062  2.478455E-15
6660.2576  2.494822E-15
6660.7090  2.407291E-15
6661.1604  2.427266E-15
6661.6118  2.321277E-15
6662.0632  2.338853E-15
6662.5146  2.307342E-15
6662.9660  2.434584E-15
6663.4174  2.245970E-15
6663.8688  2.155764E-15
6664.3202  2.463334E-15
6664.7716  2.373305E-15
6665.2230  2.537220E-15
6665.6744  2.466593E-15
6666.1258  2.432087E-15
6666.5772  2.349062E-15
6667.0286  2.496728E-15
6667.4800  2.297470E-15
6667.9314  2.292836E-15
6668.3828  2.438513E-15
6668.8342  2.400073E-15
6669.2856  2.302790E-15
6669.7370  2.452690E-15
6670.1884  2.447521E-15
6670.6398  2.425758E-15
6671.0912  2.334595E-15
6671.5426  2.357577E-15
6671.9940  2.452948E-15
6672.4454  2.492900E-15
6672.8968  2.494743E-15
6673.3482  2.307020E-15
6673.7996  2.403634E-15
6674.2510  2.478717E-15
6674.7024  2.466456E-15
6675.1538  2.463899E-15
6675.6052  2.519804E-15
6676.0566  2.401398E-15
6676.5080  2.421058E-15
6676.9594  2.407961E-15
6677.4108  2.706744E-15
6677.8622  2.939216E-15
6678.3136  5.280348E-15
6678.7650  1.167624E-14
6679.2164  1.858628E-14
6679.6678  2.085084E-14
6680.1192  1.939928E-14
6680.5706  1.290349E-14
6681.0220  5.783630E-15
6681.4734  3.034438E-15
6681.9248  2.644215E-15
6682.3762  2.364855E-15
6682.8276  2.595657E-15
6683.2790  3.368921E-15
6683.7304  6.210712E-15
6684.1818  1.016400E-14
6684.6332  1.232124E-14
6685.0846  1.149494E-14
6685.5360  8.138111E-15
6685.9874  4.531777E-15
6686.4388  2.932272E-15
6686.8902  2.316948E-15
6687.3416  2.404112E-15
6687.7930  2.547555E-15
6688.2444  2.344737E-15
6688.6958  2.358167E-15
6689.1472  2.412039E-15
6689.5986  2.575273E-15
6690.0500  2.472731E-15
6690.5014  2.345287E-15
6690.9528  2.299634E-15
6691.4042  2.454473E-15
6691.8556  2.399052E-15
6692.3070  2.264202E-15
6692.7584  2.416772E-15
6693.2098  2.651643E-15
6693.6612  2.491093E-15
6694.1126  2.249290E-15
6694.5640  2.258244E-15
6695.0154  2.268073E-15
6695.4668  2.293330E-15
6695.9182  2.414441E-15
6696.3696  2.378970E-15
6696.8210  2.526656E-15
6697.2724  2.315494E-15
6697.7238  2.213216E-15
6698.1752  2.347598E-15
6698.6266  2.371193E-15
6699.0780  2.397132E-15
6699.5294  2.426146E-15
6699.9808  2.346192E-15
6700.4322  2.340946E-15
6700.8836  2.327596E-15
6701.3350  2.463638E-15
6701.7864  2.371434E-15
6702.2378  2.483318E-15
6702.6892  2.346015E-15
6703.1406  2.267234E-15
6703.5920  2.471702E-15
6704.0434  2.445170E-15
6704.4948  2.417763E-15
6704.9462  2.363118E-15
6705.3976  2.492139E-15
6705.8490  2.601789E-15
6706.3004  2.429159E-15
6706.7518  2.393346E-15
6707.2032  2.415469E-15
6707.6546  2.499222E-15
6708.1060  2.499443E-15
6708.5574  2.283518E-15
6709.0088  2.417649E-15
6709.4602  2.504353E-15
6709.9116  2.375679E-15
6710.3630  2.482613E-15
6710.8144  2.519469E-15
6711.2658  2.498543E-15
6711.7172  2.500146E-15
6712.1686  2.375039E-15
6712.6200  2.455348E-15
6713.0714  2.377036E-15
6713.5228  2.545206E-15
6713.9742  2.404797E-15
6714.4256  2.182639E-15
6714.8770  2.341852E-15
6715.3284  2.428880E-15
6715.7798  2.457228E-15
6716.2312  4.089386E-15
6716.6826  1.321181E-14
6717.1340  3.576910E-14
6717.5854  5.672562E-14
6718.0368  6.159609E-14
6718.4882  5.588297E-14
6718.9396  3.388365E-14
6719.3910  1.155667E-14
6719.8424  3.930297E-15
6720.2938  2.415280E-15
6720.7452  2.412967E-15
6721.1966  2.331931E-15
6721.6480  2.274892E-15
6722.0994  2.453246E-15
6722.5508  2.521965E-15
6723.0022  2.397150E-15
6723.4536  2.425281E-15
6723.9050  2.519250E-15
6724.3564  2.332708E-15
6724.8078  2.371574E-15
6725.2592  2.585775E-15
6725.7106  2.396799E-15
6726.1620  2.542895E-15
6726.6134  2.553018E-15
6727.0648  2.336064E-15
6727.5162  2.324934E-15
6727.9676  2.355223E-15
6728.4190  2.479063E-15
6728.8704  2.554323E-15
6729.3218  2.573001E-15
6729.7732  2.482886E-15
6730.2246  2.853585E-15
6730.6760  5.821375E-15
6731.1274  2.036859E-14
6731.5788  5.196571E-14
6732.0302  7.750332E-14
6732.4816  8.294721E-14
6732.9330  7.173708E-14
6733.3844  3.911090E-14
6733.8358  1.182501E-14
6734.2872  3.859886E-15
6734.7386  2.594541E-15
6735.1900  2.655684E-15
6735.6414  2.795581E-15
6736.0928  2.466321E-15
6736.5442  2.488722E-15
6736.9956  2.452990E-15
6737.4470  2.485133E-15
6737.8984  2.512969E-15
6738.3498  2.465566E-15
6738.8012  2.145691E-15
6739.2526  2.342000E-15
6739.7040  2.439787E-15
6740.1554  2.659487E-15
6740.6068  2.528966E-15
6741.0582  2.550321E-15
6741.5096  2.824263E-15
6741.9610  2.394715E-15
6742.4124  2.411779E-15
6742.8638  2.360909E-15
6743.3152  2.344615E-15
6743.7666  2.362520E-15
6744.2180  2.445072E-15
6744.6694  2.507774E-15
6745.1208  2.413020E-15
6745.5722  2.547756E-15
6746.0236  2.727700E-15
6746.4750  2.642660E-15
6746.9264  2.335541E-15
6747.3778  2.571729E-15
6747.8292  2.603374E-15
6748.2806  2.720750E-15
6748.7320  2.469888E-15
6749.1834  2.577603E-15
6749.6348  2.302999E-15
6750.0862  2.397707E-15
6750.5376  2.460008E-15
6750.9890  2.323651E-15
6751.4404  2.263793E-15
6751.8918  2.448187E-15
6752.3432  2.255515E-15
6752.7946  2.236211E-15
6753.2460  2.436407E-15
6753.6974  2.277114E-15
6754.1488  2.335696E-15
6754.6002  2.585373E-15
6755.0516  2.402636E-15
6755.5030  2.346758E-15
6755.9544  2.297977E-15
6756.4058  2.224684E-15
6756.8572  2.037006E-15
6757.3086  2.263329E-15
6757.7600  2.289552E-15
6758.2114  2.347210E-15
6758.6628  2.385118E-15
6759.1142  2.260805E-15
6759.5656  2.275119E-15
6760.0170  2.422419E-15
6760.4684  2.421376E-15
6760.9198  2.252561E-15
6761.3712  2.224282E-15
6761.8226  2.275146E-15
6762.2740  2.221316E-15
6762.7254  2.327040E-15
6763.1768  2.446930E-15
6763.6282  2.435225E-15
6764.0796  2.374818E-15
6764.5310  2.360237E-15
6764.9824  2.397511E-15
6765.4338  2.243858E-15
6765.8852  2.312653E-15
6766.3366  2.211316E-15
6766.7880  1.993128E-15
6767.2394  2.296858E-15
6767.6908  2.370720E-15
6768.1422  2.343340E-15
6768.5936  2.335206E-15
6769.0450  2.281661E-15
6769.4964  2.405080E-15
6769.9478  2.270469E-15
6770.3992  2.435785E-15
6770.8506  2.112762E-15
6771.3020  2.209689E-15
6771.7534  2.276856E-15
6772.2048  2.181107E-15
6772.6562  2.342058E-15
6773.1076  2.157646E-15
6773.5590  2.206009E-15
6774.0104  2.217298E-15
6774.4618  2.300587E-15
6774.9132  2.523523E-15
6775.3646  2.224865E-15
6775.8160  2.310866E-15
6776.2674  2.225056E-15
6776.7188  2.369678E-15
6777.1702  2.198623E-15
6777.6216  2.170957E-15
6778.0730  2.209876E-15
6778.5244  2.392500E-15
6778.9758  2.133723E-15
6779.4272  2.255345E-15
6779.8786  2.234146E-15
6780.3300  2.317008E-15
6780.7814  2.488081E-15
6781.2328  2.547301E-15
6781.6842  2.597264E-15
6782.1356  2.473920E-15
6782.5870  2.458367E-15
6783.0384  2.566794E-15
6783.4898  2.143793E-15
6783.9412  2.205759E-15
6784.3926  2.162715E-15
6784.8440  2.056851E-15
6785.2954  2.157647E-15
6785.7468  2.409886E-15
6786.1982  2.322983E-15
6786.6496  2.372045E-15
6787.1010  2.335029E-15
6787.5524  2.527791E-15
6788.0038  2.260457E-15
6788.4552  2.222239E-15
6788.9066  2.271330E-15
6789.3580  2.140778E-15
6789.8094  2.292738E-15
6790.2608  2.260378E-15
6790.7122  2.250073E-15
6791.1636  2.117703E-15
6791.6150  2.101718E-15
6792.0664  2.319199E-15
6792.5178  2.419979E-15
6792.9692  2.337556E-15
6793.4206  2.258986E-15
6793.8720  2.207890E-15
6794.3234  2.183450E-15
6794.7748  2.235445E-15
6795.2262  2.382376E-15
6795.6776  2.839752E-15
6796.1290  3.122653E-15
6796.5804  3.403507E-15
6797.0318  3.016348E-15
6797.4832  2.630726E-15
6797.9346  2.491858E-15
6798.3860  2.118713E-15
6798.8374  2.295575E-15
6799.2888  2.168994E-15
6799.7402  2.067523E-15
6800.1916  2.123574E-15
6800.6430  2.271900E-15
6801.0944  2.253003E-15
6801.5458  2.143793E-15
6801.9972  2.408855E-15
6802.4486  2.141075E-15
6802.9000  2.329077E-15
6803.3514  2.207283E-15
6803.8028  2.163269E-15
6804.2542  2.180288E-15
6804.7056  2.282193E-15
6805.1570  2.240543E-15
6805.6084  2.282373E-15
6806.0598  2.254379E-15
6806.5112  2.188316E-15
6806.9626  2.288563E-15
6807.4140  2.141942E-15
6807.8654  2.112687E-15
6808.3168  2.364395E-15
6808.7682  2.182096E-15
6809.2196  2.285235E-15
6809.6710  2.339633E-15
6810.1224  2.164853E-15
6810.5738  2.227070E-15
6811.0252  2.188639E-15
6811.4766  2.238322E-15
6811.9280  2.064339E-15
6812.3794  2.197428E-15
6812.8308  2.249073E-15
6813.2822  2.329225E-15
6813.7336  2.288083E-15
6814.1850  2.190844E-15
6814.6364  2.312268E-15
6815.0878  2.346599E-15
6815.5392  2.142430E-15
6815.9906  2.025783E-15
6816.4420  2.258847E-15
6816.8934  2.352663E-15
6817.3448  2.281340E-15
6817.7962  2.319935E-15
6818.2476  2.349099E-15
6818.6990  2.251174E-15
6819.1504  2.122436E-15
6819.6018  2.209128E-15
6820.0532  2.260643E-15
6820.5046  2.161406E-15
6820.9560  2.048879E-15
6821.4074  2.121876E-15
6821.8588  2.122647E-15
6822.3102  2.203256E-15
6822.7616  2.204435E-15
6823.2130  2.346148E-15
6823.6644  2.041793E-15
6824.1158  2.258493E-15
6824.5672  2.318868E-15
6825.0186  2.343583E-15
6825.4700  2.378968E-15
6825.9214  2.482679E-15
6826.3728  2.251034E-15
6826.8242  2.208116E-15
6827.2756  2.298139E-15
6827.7270  2.155052E-15
6828.1784  1.999548E-15
6828.6298  2.133470E-15
6829.0812  2.372040E-15
6829.5326  2.486176E-15
6829.9840  2.067274E-15
6830.4354  1.820815E-15
6830.8868  2.128747E-15
6831.3382  2.074517E-15
6831.7896  2.324281E-15
6832.2410  2.164753E-15
6832.6924  2.095328E-15
6833.1438  1.856569E-15
6833.5952  2.202226E-15
6834.0466  2.434195E-15
6834.4980  2.341270E-15
6834.9494  1.961541E-15
6835.4008  2.063433E-15
6835.8522  2.160510E-15
6836.3036  2.025894E-15
6836.7550  2.213046E-15
6837.2064  2.373506E-15
6837.6578  2.393689E-15
6838.1092  2.121078E-15
6838.5606  2.116939E-15
6839.0120  2.254572E-15
6839.4634  2.187449E-15
6839.9148  2.266349E-15
6840.3662  2.325700E-15
6840.8176  2.056937E-15
6841.2690  2.138982E-15
6841.7204  2.063863E-15
6842.1718  1.920945E-15
6842.6232  1.963253E-15
6843.0746  2.200654E-15
6843.5260  2.144047E-15
6843.9774  2.182500E-15
6844.4288  2.185429E-15
6844.8802  2.115607E-15
6845.3316  2.070063E-15
6845.7830  2.345813E-15
6846.2344  2.346990E-15
6846.6858  2.052113E-15
6847.1372  2.266702E-15
6847.5886  2.194252E-15
6848.0400  2.161474E-15
6848.4914  2.086471E-15
6848.9428  2.075808E-15
6849.3942  2.176916E-15
6849.8456  2.303995E-15
6850.2970  2.305144E-15
6850.7484  2.430916E-15
6851.1998  2.502766E-15
6851.6512  2.575145E-15
6852.1026  2.524883E-15
6852.5540  2.493517E-15
6853.0054  2.111402E-15
6853.4568  2.165884E-15
6853.9082  2.254716E-15
6854.3596  2.299395E-15
6854.8110  2.164460E-15
6855.2624  2.234089E-15
6855.7138  2.269246E-15
6856.1652  2.106337E-15
6856.6166  2.116036E-15
6857.0680  2.119469E-15
6857.5194  2.098053E-15
6857.9708  2.223728E-15
6858.4222  2.279959E-15
6858.8736  2.325684E-15
6859.3250  1.994212E-15
6859.7764  2.271920E-15
6860.2278  2.283168E-15
6860.6792  2.161044E-15
6861.1306  2.133079E-15
6861.5820  1.982538E-15
6862.0334  2.178412E-15
6862.4848  1.982208E-15
6862.9362  2.056782E-15
6863.3876  2.525741E-15
6863.8390  2.454986E-15
6864.2904  1.635187E-15
6864.7418  2.156161E-15
6865.1932  2.080745E-15
6865.6446  2.151741E-15
6866.0960  2.160197E-15
6866.5474  2.159720E-15
6866.9988  1.715698E-15
6867.4502  1.443361E-15
6867.9016  1.223234E-15
6868.3530  1.268008E-15
6868.8044  1.212431E-15
6869.2558  1.348345E-15
6869.7072  1.572360E-15
6870.1586  1.471121E-15
6870.6100  1.511348E-15
6871.0614  1.337110E-15
6871.5128  1.317698E-15
6871.9642  1.407536E-15
6872.4156  1.390141E-15
6872.8670  1.586244E-15
6873.3184  1.563435E-15
6873.7698  1.713911E-15
6874.2212  1.826975E-15
6874.6726  1.738259E-15
6875.1240  1.870635E-15
6875.5754  1.929922E-15
6876.0268  1.842471E-15
6876.4782  1.740772E-15
6876.9296  1.815784E-15
6877.3810  1.908404E-15
6877.8324  2.012404E-15
6878.2838  1.990729E-15
6878.7352  1.868279E-15
6879.1866  1.811067E-15
6879.6380  1.993630E-15
6880.0894  1.909139E-15
6880.5408  1.900914E-15
6880.9922  2.069300E-15
6881.4436  2.215527E-15
6881.8950  2.069819E-15
6882.3464  2.141962E-15
6882.7978  2.218245E-15
6883.2492  2.015239E-15
6883.7006  2.126608E-15
6884.1520  1.929707E-15
6884.6034  2.014189E-15
6885.0548  2.152204E-15
6885.5062  1.886694E-15
6885.9576  1.753257E-15
6886.4090  1.841772E-15
6886.8604  2.016421E-15
6887.3118  1.914700E-15
6887.7632  2.109852E-15
6888.2146  1.940164E-15
6888.6660  2.077862E-15
6889.1174  2.041823E-15
6889.5688  1.667124E-15
6890.0202  1.798967E-15
6890.4716  2.084944E-15
6890.9230  3.092542E-15
6891.3744  5.527823E-15
6891.8258  9.699457E-15
6892.2772  1.142399E-14
6892.7286  1.152846E-14
6893.1800  9.123279E-15
6893.6314  4.963995E-15
6894.0828  2.916536E-15
6894.5342  2.247913E-15
6894.9856  2.240438E-15
6895.4370  2.215603E-15
6895.8884  1.737206E-15
6896.3398  1.785930E-15
6896.7912  1.913102E-15
6897.2426  1.883477E-15
6897.6940  1.853304E-15
6898.1454  2.109664E-15
6898.5968  2.333007E-15
6899.0482  2.090434E-15
6899.4996  1.951418E-15
6899.9510  1.703128E-15
6900.4024  1.875649E-15
6900.8538  1.875163E-15
6901.3052  1.829866E-15
6901.7566  1.917522E-15
6902.2080  2.008272E-15
6902.6594  2.030257E-15
6903.1108  2.212935E-15
6903.5622  1.874397E-15
6904.0136  1.992513E-15
6904.4650  1.664541E-15
6904.9164  1.607792E-15
6905.3678  1.931409E-15
6905.8192  2.085933E-15
6906.2706  2.328250E-15
6906.7220  2.211766E-15
6907.1734  2.310594E-15
6907.6248  2.430233E-15
6908.0762  2.199863E-15
6908.5276  1.938440E-15
6908.9790  2.106286E-15
6909.4304  2.110442E-15
6909.8818  2.172663E-15
6910.3332  2.192591E-15
6910.7846  2.178150E-15
6911.2360  2.197573E-15
6911.6874  2.110101E-15
6912.1388  2.255732E-15
6912.5902  2.442107E-15
6913.0416  2.289828E-15
6913.4930  1.933643E-15
6913.9444  1.750427E-15
6914.3958  1.992204E-15
6914.8472  2.275421E-15
6915.2986  2.143736E-15
6915.7500  2.238210E-15
6916.2014  2.305579E-15
6916.6528  2.134769E-15
6917.1042  2.140470E-15
6917.5556  2.136615E-15
6918.0070  2.100747E-15
6918.4584  1.904175E-15
6918.9098  1.893264E-15
6919.3612  2.062925E-15
6919.8126  2.148513E-15
6920.2640  2.160249E-15
6920.7154  2.440677E-15
6921.1668  2.003833E-15
6921.6182  2.005429E-15
6922.0696  1.926997E-15
6922.5210  1.966320E-15
6922.9724  2.069175E-15
6923.4238  1.670574E-15
6923.8752  1.423958E-15
6924.3266  1.738004E-15
6924.7780  1.909699E-15
6925.2294  2.133085E-15
6925.6808  2.354980E-15
6926.1322  2.161244E-15
6926.5836  2.200778E-15
6927.0350  2.104371E-15
6927.4864  2.204841E-15
6927.9378  2.157046E-15
6928.3892  2.027223E-15
6928.8406  2.024004E-15
6929.2920  1.765907E-15
6929.7434  2.004235E-15
6930.1948  1.978366E-15
6930.6462  2.023161E-15
6931.0976  2.059324E-15
6931.5490  2.185983E-15
6932.0004  1.962807E-15
6932.4518  2.065113E-15
6932.9032  2.125324E-15
6933.3546  2.016473E-15
6933.8060  2.210881E-15
6934.2574  2.149642E-15
6934.7088  2.202623E-15
6935.1602  2.220383E-15
6935.6116  2.082767E-15
6936.0630  2.063652E-15
6936.5144  2.153008E-15
6936.9658  2.249460E-15
6937.4172  2.159976E-15
6937.8686  1.984111E-15
6938.3200  2.139764E-15
6938.7714  2.095389E-15
6939.2228  2.038065E-15
6939.6742  1.903544E-15
6940.1256  1.742618E-15
6940.5770  2.037927E-15
6941.0284  1.913982E-15
6941.4798  1.879848E-15
6941.9312  1.993983E-15
6942.3826  1.942531E-15
6942.8340  1.982665E-15
6943.2854  2.153853E-15
6943.7368  1.955160E-15
6944.1882  2.055119E-15
6944.6396  2.530787E-15
6945.0910  2.171021E-15
6945.5424  2.252144E-15
6945.9938  2.338807E-15
6946.4452  2.072885E-15
6946.8966  2.134765E-15
6947.3480  1.910738E-15
6947.7994  1.847624E-15
6948.2508  1.891549E-15
6948.7022  2.493292E-15
6949.1536  2.569671E-15
6949.6050  1.946101E-15
6950.0564  1.978169E-15
6950.5078  2.353948E-15
6950.9592  2.212589E-15
6951.4106  2.152266E-15
6951.8620  1.848135E-15
6952.3134  1.800649E-15
6952.7648  2.096050E-15
6953.2162  2.214915E-15
6953.6676  1.954088E-15
6954.1190  1.996020E-15
6954.5704  2.080898E-15
6955.0218  2.158979E-15
6955.4732  2.190965E-15
6955.9246  2.276183E-15
6956.3760  1.919725E-15
6956.8274  2.083621E-15
6957.2788  2.088726E-15
6957.7302  1.971316E-15
6958.1816  2.113726E-15
6958.6330  2.274249E-15
6959.0844  2.112621E-15
6959.5358  2.134687E-15
6959.9872  2.357083E-15
6960.4386  2.307952E-15
6960.8900  2.130477E-15
6961.3414  2.154628E-15
6961.7928  2.116287E-15
6962.2442  2.070388E-15
6962.6956  2.124356E-15
6963.1470  2.272383E-15
6963.5984  2.210446E-15
6964.0498  2.342211E-15
6964.5012  2.097756E-15
6964.9526  2.169253E-15
6965.4040  2.307798E-15
6965.8554  2.271779E-15
6966.3068  2.203080E-15
6966.7582  2.137051E-15
6967.2096  2.227761E-15
6967.6610  2.132808E-15
6968.1124  2.189844E-15
6968.5638  2.369560E-15
6969.0152  2.147331E-15
6969.4666  2.282836E-15
6969.9180  2.194740E-15
6970.3694  1.912975E-15
6970.8208  2.273005E-15
6971.2722  2.244291E-15
6971.7236  2.244705E-15
6972.1750  2.060672E-15
6972.6264  2.146384E-15
6973.0778  2.155435E-15
6973.5292  2.275909E-15
6973.9806  2.107335E-15
6974.4320  2.154163E-15
6974.8834  2.147883E-15
6975.3348  2.075043E-15
6975.7862  2.500839E-15
6976.2376  2.249491E-15
6976.6890  2.162737E-15
6977.1404  2.133329E-15
6977.5918  2.024866E-15
6978.0432  2.299788E-15
6978.4946  2.401473E-15
6978.9460  2.172579E-15
6979.3974  1.931360E-15
6979.8488  2.089638E-15
6980.3002  2.150940E-15
6980.7516  2.112864E-15
6981.2030  2.206354E-15
6981.6544  2.102765E-15
6982.1058  2.479763E-15
6982.5572  2.190445E-15
6983.0086  2.374078E-15
6983.4600  2.333191E-15
6983.9114  2.225894E-15
6984.3628  2.196357E-15
6984.8142  2.223769E-15
6985.2656  2.300767E-15
6985.7170  2.183367E-15
6986.1684  2.185234E-15
6986.6198  2.257746E-15
6987.0712  2.063314E-15
6987.5226  2.104165E-15
6987.9740  2.061070E-15
6988.4254  2.196391E-15
6988.8768  2.189970E-15
6989.3282  2.177341E-15
6989.7796  2.276040E-15
6990.2310  2.265484E-15
6990.6824  2.289884E-15
6991.1338  2.237433E-15
6991.5852  2.384121E-15
6992.0366  2.343969E-15
6992.4880  2.028538E-15
6992.9394  2.214896E-15
6993.3908  2.009690E-15
6993.8422  1.980351E-15
6994.2936  1.871900E-15
6994.7450  2.044691E-15
6995.1964  2.439840E-15
6995.6478  2.280010E-15
6996.0992  2.075830E-15
6996.5506  2.318509E-15
6997.0020  2.117638E-15
6997.4534  2.283333E-15
6997.9048  2.313151E-15
6998.3562  2.138425E-15
6998.8076  2.292587E-15
6999.2590  2.139081E-15
6999.7104  2.305245E-15
7000.1618  2.231416E-15
7000.6132  2.304111E-15
7001.0646  2.260290E-15
7001.5160  2.300754E-15
7001.9674  2.319581E-15
7002.4188  2.249347E-15
7002.8702  2.206359E-15
7003.3216  2.279061E-15
7003.7730  2.327978E-15
7004.2244  2.552490E-15
7004.6758  2.180573E-15
7005.1272  2.335148E-15
7005.5786  3.128472E-15
7006.0300  7.876348E-15
7006.4814  2.159775E-14
7006.9328  4.052211E-14
7007.3842  4.871280E-14
7007.8356  4.101624E-14
7008.2870  2.293346E-14
7008.7384  8.218755E-15
7009.1898  3.368608E-15
7009.6412  2.389992E-15
7010.0926  2.068008E-15
7010.5440  2.142963E-15
7010.9954  2.287379E-15
7011.4468  2.269110E-15
7011.8982  2.297963E-15
7012.3496  2.026919E-15
7012.8010  2.362939E-15
7013.2524  2.260514E-15
7013.7038  2.292225E-15
7014.1552  2.074039E-15
7014.6066  2.136879E-15
7015.0580  2.089421E-15
7015.5094  2.229597E-15
7015.9608  2.258927E-15
7016.4122  2.135448E-15
7016.8636  2.016155E-15
7017.3150  2.040760E-15
7017.7664  2.328592E-15
7018.2178  2.263900E-15
7018.6692  2.350876E-15
7019.1206  2.226881E-15
7019.5720  2.171697E-15
7020.0234  2.302743E-15
7020.4748  2.166115E-15
7020.9262  2.269268E-15
7021.3776  2.078074E-15
7021.8290  2.474252E-15
7022.2804  2.616622E-15
7022.7318  2.648404E-15
7023.1832  2.355161E-15
7023.6346  2.379156E-15
7024.0860  2.357925E-15
7024.5374  2.285435E-15
7024.9888  2.268820E-15
7025.4402  2.192786E-15
7025.8916  2.303999E-15
7026.3430  2.201205E-15
7026.7944  2.271566E-15
7027.2458  2.229912E-15
7027.6972  2.027489E-15
7028.1486  2.159649E-15
7028.6000  2.274529E-15
7029.0514  2.220635E-15
7029.5028  2.503040E-15
7029.9542  2.367404E-15
7030.4056  2.309170E-15
7030.8570  2.265541E-15
7031.3084  2.455733E-15
7031.7598  2.529572E-15
7032.2112  2.520279E-15
7032.6626  2.593133E-15
7033.1140  2.521982E-15
7033.5654  2.602104E-15
7034.0168  2.558107E-15
7034.4682  2.759718E-15
7034.9196  2.811407E-15
7035.3710  2.306377E-15
7035.8224  2.528695E-15
7036.2738  2.391611E-15
7036.7252  2.482464E-15
7037.1766  2.514863E-15
7037.6280  2.477428E-15
7038.0794  2.669701E-15
7038.5308  2.732309E-15
7038.9822  2.437163E-15
7039.4336  2.520309E-15
7039.8850  2.270204E-15
7040.3364  2.439376E-15
7040.7878  2.511859E-15
7041.2392  2.471524E-15
7041.6906  3.061529E-15
7042.1420  2.670600E-15
7042.5934  2.749982E-15
7043.0448  2.719951E-15
7043.4962  2.713975E-15
7043.9476  2.550271E-15
7044.3990  2.791365E-15
7044.8504  2.694093E-15
7045.3018  2.951596E-15
7045.7532  2.965361E-15
7046.2046  2.819809E-15
7046.6560  2.700933E-15
7047.1074  2.555342E-15
7047.5588  3.318490E-15
7048.0102  3.848725E-15
7048.4616  3.581830E-15
7048.9130  3.353432E-15
7049.3644  3.195577E-15
7049.8158  3.072221E-15
7050.2672  2.737491E-15
7050.7186  2.963586E-15
7051.1700  2.983118E-15
7051.6214  2.807471E-15
7052.0728  2.989818E-15
7052.5242  2.939910E-15
7052.9756  2.962324E-15
7053.4270  3.030683E-15
7053.8784  2.980250E-15
7054.3298  2.993674E-15
7054.7812  3.297994E-15
7055.2326  3.952279E-15
7055.6840  3.377093E-15
7056.1354  2.861445E-15
7056.5868  2.956660E-15
7057.0382  2.916569E-15
7057.4896  3.083891E-15
7057.9410  3.109134E-15
7058.3924  3.102261E-15
7058.8438  3.470585E-15
7059.2952  4.376846E-15
7059.7466  3.075194E-15
7060.1980  2.690054E-15
7060.6494  3.099524E-15
7061.1008  3.029234E-15
7061.5522  2.958487E-15
7062.0036  3.022430E-15
7062.4550  6.356184E-15
7062.9064  2.915670E-15
7063.3578  3.681550E-15
7063.8092  4.080365E-15
7064.2606  4.005682E-15
7064.7120  3.507932E-15
7065.1634  3.916718E-15
7065.6148  9.996713E-15
7066.0662  1.085380E-14
7066.5176  1.374740E-14
7066.9690  1.473465E-14
7067.4204  1.515485E-14
7067.8718  8.709554E-15
7068.3232  4.583067E-15
7068.7746  2.656726E-15
7069.2260  2.665407E-15
7069.6774  1.390169E-15
7070.1288  2.260734E-15
7070.5802  3.167981E-15
7071.0316  2.592808E-15
7071.4830  0.
