4415.2500  2.796933E-15
4415.6063  2.781489E-15
4415.9625  2.740495E-15
4416.3188  2.442470E-15
4416.6751  1.898458E-15
4417.0314  2.044567E-15
4417.3876  2.127736E-15
4417.7439  2.474082E-15
4418.1002  2.278333E-15
4418.4564  2.073322E-15
4418.8127  2.064420E-15
4419.1690  2.116108E-15
4419.5253  2.095504E-15
4419.8815  2.542241E-15
4420.2378  2.245545E-15
4420.5941  2.248997E-15
4420.9504  2.351982E-15
4421.3066  2.129733E-15
4421.6629  1.870334E-15
4422.0192  2.262259E-15
4422.3754  1.792257E-15
4422.7317  2.521184E-15
4423.0880  2.529743E-15
4423.4443  2.429935E-15
4423.8005  2.266022E-15
4424.1568  2.292298E-15
4424.5131  2.236315E-15
4424.8693  2.045311E-15
4425.2256  2.181954E-15
4425.5819  2.156155E-15
4425.9382  2.407735E-15
4426.2944  2.175358E-15
4426.6507  1.950936E-15
4427.0070  1.958224E-15
4427.3632  2.487155E-15
4427.7195  2.237817E-15
4428.0758  2.146455E-15
4428.4321  1.819293E-15
4428.7883  2.119002E-15
4429.1446  2.291154E-15
4429.5009  2.043262E-15
4429.8572  1.920090E-15
4430.2134  2.162090E-15
4430.5697  2.317063E-15
4430.9260  2.264176E-15
4431.2822  2.199873E-15
4431.6385  2.420195E-15
4431.9948  2.618074E-15
4432.3511  2.675727E-15
4432.7073  2.539163E-15
4433.0636  2.457015E-15
4433.4199  1.893111E-15
4433.7761  1.988616E-15
4434.1324  2.308704E-15
4434.4887  2.571753E-15
4434.8450  2.130727E-15
4435.2012  2.087230E-15
4435.5575  2.505047E-15
4435.9138  2.734198E-15
4436.2700  2.478398E-15
4436.6263  2.297248E-15
4436.9826  2.529976E-15
4437.3389  2.398841E-15
4437.6951  2.063764E-15
4438.0514  2.395289E-15
4438.4077  2.613765E-15
4438.7640  2.613980E-15
4439.1202  2.684286E-15
4439.4765  2.568296E-15
4439.8328  2.417080E-15
4440.1890  2.020941E-15
4440.5453  2.159631E-15
4440.9016  2.143484E-15
4441.2579  2.188772E-15
4441.6141  2.640692E-15
4441.9704  2.474298E-15
4442.3267  2.520575E-15
4442.6829  2.398676E-15
4443.0392  2.201909E-15
4443.3955  2.251044E-15
4443.7518  2.463387E-15
4444.1080  2.700627E-15
4444.4643  2.251710E-15
4444.8206  2.207778E-15
4445.1768  2.214441E-15
4445.5331  2.162231E-15
4445.8894  2.434514E-15
4446.2457  2.602453E-15
4446.6019  2.278598E-15
4446.9582  2.141470E-15
4447.3145  2.148333E-15
4447.6708  2.411003E-15
4448.0270  2.451573E-15
4448.3833  2.400639E-15
4448.7396  2.440297E-15
4449.0958  2.317855E-15
4449.4521  2.424389E-15
4449.8084  2.259453E-15
4450.1647  2.131151E-15
4450.5209  2.128441E-15
4450.8772  2.254018E-15
4451.2335  2.049243E-15
4451.5897  2.379239E-15
4451.9460  2.099683E-15
4452.3023  1.867170E-15
4452.6586  1.966074E-15
4453.0148  2.379337E-15
4453.3711  2.985319E-15
4453.7274  3.005171E-15
4454.0836  3.023472E-15
4454.4399  2.527480E-15
4454.7962  2.312487E-15
4455.1525  2.583631E-15
4455.5087  2.385074E-15
4455.8650  2.497140E-15
4456.2213  2.646944E-15
4456.5776  2.832501E-15
4456.9338  2.408934E-15
4457.2901  2.526951E-15
4457.6464  2.338679E-15
4458.0026  2.135145E-15
4458.3589  2.418652E-15
4458.7152  2.492186E-15
4459.0715  2.436429E-15
4459.4277  2.796103E-15
4459.7840  2.780682E-15
4460.1403  2.671827E-15
4460.4965  2.367017E-15
4460.8528  2.298375E-15
4461.2091  2.281268E-15
4461.5654  2.430390E-15
4461.9216  2.477120E-15
4462.2779  2.656771E-15
4462.6342  2.390406E-15
4462.9904  2.782110E-15
4463.3467  2.569444E-15
4463.7030  2.135239E-15
4464.0593  2.309581E-15
4464.4155  2.181632E-15
4464.7718  2.684473E-15
4465.1281  2.311572E-15
4465.4844  2.378748E-15
4465.8406  2.260169E-15
4466.1969  2.363408E-15
4466.5532  2.378325E-15
4466.9094  2.354753E-15
4467.2657  2.546135E-15
4467.6220  2.972360E-15
4467.9783  2.624439E-15
4468.3345  2.291575E-15
4468.6908  2.313711E-15
4469.0471  2.290076E-15
4469.4033  2.249268E-15
4469.7596  2.378254E-15
4470.1159  2.721259E-15
4470.4722  2.450111E-15
4470.8284  2.562910E-15
4471.1847  3.396786E-15
4471.5410  5.887098E-15
4471.8972  1.232681E-14
4472.2535  1.873706E-14
4472.6098  2.075515E-14
4472.9661  1.616172E-14
4473.3223  8.545913E-15
4473.6786  3.118803E-15
4474.0349  1.798617E-15
4474.3912  1.529770E-15
4474.7474  1.916830E-15
4475.1037  2.278760E-15
4475.4600  2.457875E-15
4475.8162  2.360960E-15
4476.1725  2.143973E-15
4476.5288  2.428298E-15
4476.8851  2.301781E-15
4477.2413  2.392461E-15
4477.5976  2.540984E-15
4477.9539  2.259123E-15
4478.3101  2.255493E-15
4478.6664  2.323817E-15
4479.0227  2.389494E-15
4479.3790  2.111112E-15
4479.7352  2.201605E-15
4480.0915  2.126934E-15
4480.4478  2.416227E-15
4480.8040  2.415872E-15
4481.1603  2.036387E-15
4481.5166  2.320492E-15
4481.8729  2.516026E-15
4482.2291  2.304324E-15
4482.5854  2.202317E-15
4482.9417  2.370166E-15
4483.2980  2.654349E-15
4483.6542  2.641101E-15
4484.0105  2.568139E-15
4484.3668  2.287917E-15
4484.7230  2.141410E-15
4485.0793  2.141394E-15
4485.4356  2.331528E-15
4485.7919  2.343856E-15
4486.1481  2.219146E-15
4486.5044  2.447289E-15
4486.8607  2.303044E-15
4487.2169  2.267994E-15
4487.5732  2.304410E-15
4487.9295  2.381261E-15
4488.2858  2.514211E-15
4488.6420  2.440243E-15
4488.9983  2.287350E-15
4489.3546  2.255031E-15
4489.7108  2.512549E-15
4490.0671  2.527324E-15
4490.4234  2.544075E-15
4490.7797  2.416102E-15
4491.1359  2.494957E-15
4491.4922  2.386354E-15
4491.8485  2.354793E-15
4492.2048  2.287581E-15
4492.5610  2.462961E-15
4492.9173  2.733774E-15
4493.2736  2.629659E-15
4493.6298  2.416141E-15
4493.9861  2.303236E-15
4494.3424  2.186483E-15
4494.6987  2.518852E-15
4495.0549  2.655345E-15
4495.4112  2.562598E-15
4495.7675  2.457975E-15
4496.1237  2.476592E-15
4496.4800  2.538372E-15
4496.8363  2.334690E-15
4497.1926  2.412954E-15
4497.5488  2.779048E-15
4497.9051  2.540489E-15
4498.2614  2.519601E-15
4498.6176  2.487890E-15
4498.9739  2.718135E-15
4499.3302  2.353346E-15
4499.6865  2.788978E-15
4500.0427  2.426347E-15
4500.3990  2.442636E-15
4500.7553  2.218440E-15
4501.1116  2.418921E-15
4501.4678  2.226680E-15
4501.8241  2.281867E-15
4502.1804  2.762292E-15
4502.5366  2.396226E-15
4502.8929  2.393705E-15
4503.2492  2.402676E-15
4503.6055  2.503392E-15
4503.9617  2.467702E-15
4504.3180  2.653572E-15
4504.6743  2.457505E-15
4505.0305  2.296869E-15
4505.3868  2.315436E-15
4505.7431  2.521137E-15
4506.0994  2.257148E-15
4506.4556  2.483568E-15
4506.8119  2.527683E-15
4507.1682  2.340617E-15
4507.5244  2.251448E-15
4507.8807  2.367719E-15
4508.2370  2.450491E-15
4508.5933  2.466612E-15
4508.9495  2.174837E-15
4509.3058  2.907676E-15
4509.6621  2.335794E-15
4510.0184  2.590723E-15
4510.3746  2.720205E-15
4510.7309  2.555184E-15
4511.0872  2.811364E-15
4511.4434  3.505243E-15
4511.7997  4.764879E-15
4512.1560  4.554223E-15
4512.5123  3.440568E-15
4512.8685  2.688251E-15
4513.2248  2.269206E-15
4513.5811  2.045822E-15
4513.9373  2.383746E-15
4514.2936  2.060446E-15
4514.6499  1.979358E-15
4515.0062  2.630653E-15
4515.3624  2.876742E-15
4515.7187  2.877661E-15
4516.0750  3.082087E-15
4516.4312  2.828720E-15
4516.7875  2.669232E-15
4517.1438  2.165489E-15
4517.5001  2.260110E-15
4517.8563  2.105296E-15
4518.2126  2.524464E-15
4518.5689  2.657090E-15
4518.9252  2.796478E-15
4519.2814  2.635453E-15
4519.6377  2.582588E-15
4519.9940  2.388566E-15
4520.3502  2.282891E-15
4520.7065  2.281722E-15
4521.0628  2.629944E-15
4521.4191  2.815461E-15
4521.7753  2.375626E-15
4522.1316  2.432216E-15
4522.4879  2.497145E-15
4522.8441  2.032533E-15
4523.2004  2.274155E-15
4523.5567  2.773795E-15
4523.9130  2.784840E-15
4524.2692  2.606176E-15
4524.6255  2.732329E-15
4524.9818  2.625632E-15
4525.3380  2.165242E-15
4525.6943  2.298948E-15
4526.0506  2.215612E-15
4526.4069  2.021572E-15
4526.7631  2.247560E-15
4527.1194  2.096834E-15
4527.4757  2.238259E-15
4527.8320  2.417571E-15
4528.1882  1.967923E-15
4528.5445  2.032508E-15
4528.9008  2.247211E-15
4529.2570  2.312398E-15
4529.6133  2.393894E-15
4529.9696  2.520547E-15
4530.3259  2.245511E-15
4530.6821  2.161201E-15
4531.0384  2.063581E-15
4531.3947  2.440781E-15
4531.7509  2.448199E-15
4532.1072  2.383620E-15
4532.4635  2.194831E-15
4532.8198  2.284609E-15
4533.1760  2.265606E-15
4533.5323  2.436081E-15
4533.8886  2.325905E-15
4534.2448  2.538205E-15
4534.6011  2.749794E-15
4534.9574  2.882466E-15
4535.3137  3.019245E-15
4535.6699  3.328844E-15
4536.0262  3.026030E-15
4536.3825  2.770198E-15
4536.7388  2.715481E-15
4537.0950  2.278164E-15
4537.4513  2.458550E-15
4537.8076  2.679116E-15
4538.1638  2.389955E-15
4538.5201  2.106972E-15
4538.8764  2.255567E-15
4539.2327  2.303622E-15
4539.5889  2.448651E-15
4539.9452  2.717693E-15
4540.3015  2.572217E-15
4540.6577  2.571391E-15
4541.0140  3.118135E-15
4541.3703  5.523263E-15
4541.7266  1.372010E-14
4542.0828  2.797735E-14
4542.4391  3.980401E-14
4542.7954  3.930498E-14
4543.1516  2.682063E-14
4543.5079  1.254620E-14
4543.8642  4.521952E-15
4544.2205  2.488451E-15
4544.5767  1.797231E-15
4544.9330  2.231511E-15
4545.2893  2.555288E-15
4545.6456  2.624529E-15
4546.0018  2.398744E-15
4546.3581  2.026120E-15
4546.7144  2.626564E-15
4547.0706  2.406689E-15
4547.4269  2.327720E-15
4547.7832  2.131174E-15
4548.1395  2.384621E-15
4548.4957  2.018023E-15
4548.8520  1.853924E-15
4549.2083  2.103195E-15
4549.5645  2.425632E-15
4549.9208  2.506528E-15
4550.2771  2.550381E-15
4550.6334  2.561382E-15
4550.9896  2.457049E-15
4551.3459  2.271618E-15
4551.7022  2.184572E-15
4552.0584  1.794375E-15
4552.4147  2.232162E-15
4552.7710  2.062536E-15
4553.1273  1.982000E-15
4553.4835  2.437336E-15
4553.8398  2.487387E-15
4554.1961  2.347474E-15
4554.5524  2.718989E-15
4554.9086  2.343160E-15
4555.2649  2.215197E-15
4555.6212  2.512068E-15
4555.9774  2.430175E-15
4556.3337  2.284994E-15
4556.6900  1.937057E-15
4557.0463  2.336126E-15
4557.4025  2.362421E-15
4557.7588  2.397408E-15
4558.1151  2.265035E-15
4558.4713  2.518036E-15
4558.8276  2.381317E-15
4559.1839  2.280110E-15
4559.5402  2.358056E-15
4559.8964  1.999597E-15
4560.2527  2.259259E-15
4560.6090  2.404734E-15
4560.9652  2.029892E-15
4561.3215  2.113795E-15
4561.6778  1.958754E-15
4562.0341  2.112473E-15
4562.3903  2.187563E-15
4562.7466  2.645315E-15
4563.1029  3.002774E-15
4563.4592  3.094957E-15
4563.8154  3.120819E-15
4564.1717  2.786754E-15
4564.5280  2.284721E-15
4564.8842  1.874066E-15
4565.2405  2.176840E-15
4565.5968  1.914237E-15
4565.9531  2.090235E-15
4566.3093  2.415584E-15
4566.6656  1.984595E-15
4567.0219  2.381241E-15
4567.3781  2.442248E-15
4567.7344  2.075198E-15
4568.0907  1.905506E-15
4568.4470  2.311504E-15
4568.8032  2.264711E-15
4569.1595  2.426239E-15
4569.5158  2.091286E-15
4569.8720  2.024600E-15
4570.2283  2.219011E-15
4570.5846  2.265173E-15
4570.9409  2.506486E-15
4571.2971  2.703977E-15
4571.6534  3.411301E-15
4572.0097  3.909721E-15
4572.3660  3.487059E-15
4572.7222  3.273167E-15
4573.0785  2.685363E-15
4573.4348  2.024182E-15
4573.7910  1.903094E-15
4574.1473  1.943958E-15
4574.5036  1.878042E-15
4574.8599  2.323648E-15
4575.2161  2.190575E-15
4575.5724  2.082244E-15
4575.9287  1.737736E-15
4576.2849  2.312585E-15
4576.6412  1.989191E-15
4576.9975  2.124554E-15
4577.3538  2.325044E-15
4577.7100  2.074408E-15
4578.0663  1.996524E-15
4578.4226  1.873282E-15
4578.7788  1.884314E-15
4579.1351  2.142419E-15
4579.4914  1.956513E-15
4579.8477  2.156012E-15
4580.2039  2.313406E-15
4580.5602  2.201604E-15
4580.9165  2.271437E-15
4581.2728  1.905928E-15
4581.6290  1.979644E-15
4581.9853  2.199195E-15
4582.3416  2.190481E-15
4582.6978  2.176027E-15
4583.0541  2.066370E-15
4583.4104  2.271381E-15
4583.7667  1.848521E-15
4584.1229  1.806062E-15
4584.4792  2.041547E-15
4584.8355  2.275510E-15
4585.1917  2.169103E-15
4585.5480  2.022638E-15
4585.9043  2.125185E-15
4586.2606  2.149490E-15
4586.6168  2.218424E-15
4586.9731  2.063816E-15
4587.3294  1.871767E-15
4587.6856  2.063383E-15
4588.0419  2.031989E-15
4588.3982  2.001285E-15
4588.7545  2.369902E-15
4589.1107  2.068657E-15
4589.4670  2.031928E-15
4589.8233  2.231673E-15
4590.1796  2.331635E-15
4590.5358  2.076432E-15
4590.8921  2.166238E-15
4591.2484  2.015373E-15
4591.6046  1.970718E-15
4591.9609  2.272529E-15
4592.3172  2.142432E-15
4592.6735  2.196029E-15
4593.0297  1.960603E-15
4593.3860  2.125951E-15
4593.7423  2.438054E-15
4594.0985  2.040072E-15
4594.4548  2.165558E-15
4594.8111  1.877899E-15
4595.1674  1.663005E-15
4595.5236  2.010564E-15
4595.8799  1.885761E-15
4596.2362  2.203767E-15
4596.5924  2.126438E-15
4596.9487  2.020886E-15
4597.3050  2.098930E-15
4597.6613  2.395812E-15
4598.0175  1.921861E-15
4598.3738  2.239144E-15
4598.7301  2.092307E-15
4599.0864  1.882531E-15
4599.4426  2.071917E-15
4599.7989  2.153071E-15
4600.1552  1.877681E-15
4600.5114  2.011750E-15
4600.8677  1.923813E-15
4601.2240  2.138310E-15
4601.5803  2.214086E-15
4601.9365  2.130980E-15
4602.2928  2.022827E-15
4602.6491  2.361610E-15
4603.0053  2.407325E-15
4603.3616  2.473171E-15
4603.7179  2.182481E-15
4604.0742  2.380461E-15
4604.4304  2.423790E-15
4604.7867  2.547214E-15
4605.1430  2.493377E-15
4605.4992  2.491368E-15
4605.8555  2.414743E-15
4606.2118  2.333977E-15
4606.5681  3.062146E-15
4606.9243  3.974935E-15
4607.2806  5.045289E-15
4607.6369  5.501588E-15
4607.9932  4.013645E-15
4608.3494  3.006883E-15
4608.7057  2.405011E-15
4609.0620  2.238793E-15
4609.4182  2.104214E-15
4609.7745  2.261849E-15
4610.1308  2.308283E-15
4610.4871  2.290091E-15
4610.8433  2.482659E-15
4611.1996  2.355976E-15
4611.5559  2.654758E-15
4611.9121  2.015489E-15
4612.2684  1.977592E-15
4612.6247  2.316758E-15
4612.9810  1.915003E-15
4613.3372  1.828136E-15
4613.6935  2.288866E-15
4614.0498  2.226376E-15
4614.4060  2.279539E-15
4614.7623  2.296387E-15
4615.1186  2.232735E-15
4615.4749  2.356567E-15
4615.8311  2.029650E-15
4616.1874  2.070874E-15
4616.5437  2.158197E-15
4616.9000  2.324275E-15
4617.2562  2.356403E-15
4617.6125  2.207641E-15
4617.9688  1.960313E-15
4618.3250  2.165523E-15
4618.6813  2.078552E-15
4619.0376  2.112292E-15
4619.3939  2.043352E-15
4619.7501  1.988871E-15
4620.1064  2.188455E-15
4620.4627  2.720458E-15
4620.8189  2.641704E-15
4621.1752  2.649456E-15
4621.5315  2.423006E-15
4621.8878  2.182927E-15
4622.2440  1.821496E-15
4622.6003  1.977023E-15
4622.9566  1.947855E-15
4623.3128  2.104023E-15
4623.6691  2.289741E-15
4624.0254  2.325660E-15
4624.3817  2.428378E-15
4624.7379  1.988243E-15
4625.0942  2.277476E-15
4625.4505  2.458342E-15
4625.8068  2.862424E-15
4626.1630  2.998909E-15
4626.5193  3.080585E-15
4626.8756  2.797287E-15
4627.2318  2.259850E-15
4627.5881  2.145297E-15
4627.9444  1.971089E-15
4628.3007  2.223194E-15
4628.6569  2.122790E-15
4629.0132  2.269239E-15
4629.3695  2.038311E-15
4629.7257  2.147946E-15
4630.0820  2.388479E-15
4630.4383  2.846525E-15
4630.7946  2.837963E-15
4631.1508  2.972801E-15
4631.5071  2.517511E-15
4631.8634  2.575888E-15
4632.2196  2.519023E-15
4632.5759  3.225086E-15
4632.9322  4.206837E-15
4633.2885  3.970637E-15
4633.6447  3.654006E-15
4634.0010  3.381624E-15
4634.3573  4.350190E-15
4634.7136  6.735976E-15
4635.0698  8.768315E-15
4635.4261  8.333043E-15
4635.7824  6.400439E-15
4636.1386  3.193384E-15
4636.4949  1.911767E-15
4636.8512  1.820146E-15
4637.2075  1.994888E-15
4637.5637  2.277396E-15
4637.9200  2.303842E-15
4638.2763  2.408057E-15
4638.6325  2.261071E-15
4638.9888  2.533470E-15
4639.3451  2.673577E-15
4639.7014  2.627236E-15
4640.0576  2.877296E-15
4640.4139  2.992719E-15
4640.7702  6.150368E-15
4641.1264  1.077492E-14
4641.4827  1.483957E-14
4641.8390  1.560311E-14
4642.1953  1.223332E-14
4642.5515  7.608711E-15
4642.9078  4.718574E-15
4643.2641  3.403040E-15
4643.6204  2.872076E-15
4643.9766  3.054141E-15
4644.3329  2.746909E-15
4644.6892  2.436245E-15
4645.0454  3.011984E-15
4645.4017  2.848021E-15
4645.7580  2.412945E-15
4646.1143  2.634598E-15
4646.4705  2.814509E-15
4646.8268  2.880866E-15
4647.1831  3.394251E-15
4647.5393  4.475913E-15
4647.8956  5.566136E-15
4648.2519  6.330801E-15
4648.6082  6.312443E-15
4648.9644  5.220888E-15
4649.3207  4.136060E-15
4649.6770  3.368664E-15
4650.0332  3.673956E-15
4650.3895  3.905510E-15
4650.7458  4.546003E-15
4651.1021  5.007041E-15
4651.4583  4.837866E-15
4651.8146  4.520949E-15
4652.1709  4.302626E-15
4652.5272  3.773311E-15
4652.8834  3.509809E-15
4653.2397  3.288976E-15
4653.5960  3.100812E-15
4653.9522  3.166813E-15
4654.3085  3.312602E-15
4654.6648  3.044776E-15
4655.0211  2.947091E-15
4655.3773  3.025067E-15
4655.7336  3.246591E-15
4656.0899  3.331059E-15
4656.4461  3.367314E-15
4656.8024  3.294972E-15
4657.1587  3.465915E-15
4657.5150  3.619307E-15
4657.8712  4.396554E-15
4658.2275  5.621285E-15
4658.5838  7.936649E-15
4658.9400  1.048087E-14
4659.2963  1.159842E-14
4659.6526  1.123831E-14
4660.0089  8.458861E-15
4660.3651  5.373648E-15
4660.7214  3.533900E-15
4661.0777  2.825680E-15
4661.4340  3.306394E-15
4661.7902  3.446572E-15
4662.1465  3.467170E-15
4662.5028  3.679583E-15
4662.8590  3.429639E-15
4663.2153  3.255324E-15
4663.5716  3.297472E-15
4663.9279  3.096442E-15
4664.2841  2.895338E-15
4664.6404  3.023457E-15
4664.9967  3.053254E-15
4665.3529  3.075961E-15
4665.7092  2.839789E-15
4666.0655  2.969920E-15
4666.4218  3.173625E-15
4666.7780  2.814372E-15
4667.1343  2.778633E-15
4667.4906  2.842962E-15
4667.8468  2.870209E-15
4668.2031  3.025102E-15
4668.5594  3.154828E-15
4668.9157  3.207472E-15
4669.2719  2.945417E-15
4669.6282  2.917705E-15
4669.9845  3.009762E-15
4670.3408  2.970060E-15
4670.6970  3.036572E-15
4671.0533  3.061590E-15
4671.4096  3.051881E-15
4671.7658  3.027189E-15
4672.1221  3.091443E-15
4672.4784  3.073637E-15
4672.8347  3.100952E-15
4673.1909  3.098465E-15
4673.5472  3.102481E-15
4673.9035  2.847838E-15
4674.2597  3.006443E-15
4674.6160  3.155054E-15
4674.9723  3.506711E-15
4675.3286  3.233122E-15
4675.6848  3.128167E-15
4676.0411  3.277862E-15
4676.3974  3.371487E-15
4676.7536  3.497936E-15
4677.1099  3.874777E-15
4677.4662  3.701023E-15
4677.8225  3.782570E-15
4678.1787  3.608481E-15
4678.5350  3.686432E-15
4678.8913  3.187950E-15
4679.2476  3.249536E-15
4679.6038  3.454844E-15
4679.9601  3.544245E-15
4680.3164  3.413668E-15
4680.6726  3.974478E-15
4681.0289  3.954833E-15
4681.3852  4.050917E-15
4681.7415  3.825434E-15
4682.0977  3.761038E-15
4682.4540  4.206577E-15
4682.8103  4.174585E-15
4683.1665  4.150661E-15
4683.5228  4.236606E-15
4683.8791  4.201221E-15
4684.2354  4.607941E-15
4684.5916  5.779696E-15
4684.9479  1.199737E-14
4685.3042  4.403555E-14
4685.6604  1.624070E-13
4686.0167  4.446174E-13
4686.3730  8.388398E-13
4686.7293  1.092074E-12
4687.0855  1.010458E-12
4687.4418  6.587420E-13
4687.7981  2.573962E-13
4688.1544  7.043528E-14
4688.5106  1.560877E-14
4688.8669  6.191999E-15
4689.2232  4.699882E-15
4689.5794  4.688187E-15
4689.9357  4.424958E-15
4690.2920  4.218362E-15
4690.6483  3.966373E-15
4691.0045  3.800267E-15
4691.3608  3.821184E-15
4691.7171  3.537719E-15
4692.0733  3.950976E-15
4692.4296  3.482535E-15
4692.7859  3.633870E-15
4693.1422  3.214025E-15
4693.4984  3.102607E-15
4693.8547  3.412723E-15
4694.2110  3.171727E-15
4694.5672  3.065217E-15
4694.9235  3.024398E-15
4695.2798  3.075108E-15
4695.6361  3.103804E-15
4695.9923  2.942740E-15
4696.3486  3.144730E-15
4696.7049  3.022809E-15
4697.0612  2.821605E-15
4697.4174  2.786297E-15
4697.7737  2.671659E-15
4698.1300  2.875443E-15
4698.4862  2.879259E-15
4698.8425  2.903911E-15
4699.1988  2.635348E-15
4699.5551  2.672927E-15
4699.9113  3.022491E-15
4700.2676  2.917095E-15
4700.6239  2.460657E-15
4700.9801  2.747923E-15
4701.3364  2.565371E-15
4701.6927  2.807769E-15
4702.0490  2.865808E-15
4702.4052  2.726708E-15
4702.7615  2.872949E-15
4703.1178  2.688044E-15
4703.4740  2.522139E-15
4703.8303  2.472429E-15
4704.1866  2.382832E-15
4704.5429  2.472285E-15
4704.8991  2.703594E-15
4705.2554  2.497036E-15
4705.6117  2.519184E-15
4705.9680  2.259477E-15
4706.3242  2.264879E-15
4706.6805  2.351931E-15
4707.0368  2.362420E-15
4707.3930  2.547712E-15
4707.7493  3.041115E-15
4708.1056  2.993276E-15
4708.4619  3.011926E-15
4708.8181  2.836717E-15
4709.1744  2.603688E-15
4709.5307  2.185330E-15
4709.8869  2.103832E-15
4710.2432  2.642561E-15
4710.5995  2.730378E-15
4710.9558  4.689401E-15
4711.3120  1.260428E-14
4711.6683  3.384202E-14
4712.0246  6.530318E-14
4712.3808  8.654074E-14
4712.7371  8.093030E-14
4713.0934  5.315724E-14
4713.4497  2.338470E-14
4713.8059  8.546646E-15
4714.1622  6.452762E-15
4714.5185  8.843739E-15
4714.8748  1.224087E-14
4715.2310  1.492940E-14
4715.5873  1.417091E-14
4715.9436  1.074325E-14
4716.2998  7.748722E-15
4716.6561  5.928176E-15
4717.0124  4.737866E-15
4717.3687  3.650204E-15
4717.7249  2.806509E-15
4718.0812  2.071215E-15
4718.4375  1.901285E-15
4718.7937  1.990076E-15
4719.1500  2.198700E-15
4719.5063  1.994336E-15
4719.8626  2.117557E-15
4720.2188  1.774030E-15
4720.5751  1.921318E-15
4720.9314  1.922227E-15
4721.2876  1.824404E-15
4721.6439  2.044000E-15
4722.0002  2.040101E-15
4722.3565  2.108384E-15
4722.7127  1.912740E-15
4723.0690  2.235494E-15
4723.4253  2.293956E-15
4723.7816  3.067547E-15
4724.1378  4.589181E-15
4724.4941  7.962106E-15
4724.8504  1.261605E-14
4725.2066  1.555106E-14
4725.5629  1.584418E-14
4725.9192  1.437763E-14
4726.2755  1.383416E-14
4726.6317  1.389081E-14
4726.9880  1.179905E-14
4727.3443  8.110257E-15
4727.7005  4.427814E-15
4728.0568  2.264681E-15
4728.4131  1.909981E-15
4728.7694  1.786263E-15
4729.1256  1.412530E-15
4729.4819  1.417035E-15
4729.8382  1.744236E-15
4730.1944  1.758665E-15
4730.5507  1.821634E-15
4730.9070  1.930208E-15
4731.2633  1.780508E-15
4731.6195  1.692058E-15
4731.9758  1.744298E-15
4732.3321  1.706554E-15
4732.6884  1.571118E-15
4733.0446  1.776858E-15
4733.4009  1.717644E-15
4733.7572  1.870116E-15
4734.1134  1.712588E-15
4734.4697  1.774615E-15
4734.8260  1.980325E-15
4735.1823  2.113471E-15
4735.5385  1.901445E-15
4735.8948  1.886092E-15
4736.2511  2.073927E-15
4736.6073  1.879101E-15
4736.9636  2.036461E-15
4737.3199  1.945638E-15
4737.6762  1.559968E-15
4738.0324  1.623801E-15
4738.3887  2.068483E-15
4738.7450  2.023806E-15
4739.1012  2.110915E-15
4739.4575  2.561425E-15
4739.8138  4.011510E-15
4740.1701  1.075247E-14
4740.5263  2.837515E-14
4740.8826  5.413473E-14
4741.2389  7.226473E-14
4741.5952  6.899455E-14
4741.9514  4.656726E-14
4742.3077  2.093555E-14
4742.6640  6.518797E-15
4743.0202  2.219196E-15
4743.3765  1.699629E-15
4743.7328  1.664317E-15
4744.0891  1.688797E-15
4744.4453  1.689337E-15
4744.8016  2.087948E-15
4745.1579  1.894472E-15
4745.5141  1.732887E-15
4745.8704  1.761376E-15
4746.2267  1.870880E-15
4746.5830  2.072880E-15
4746.9392  2.118686E-15
4747.2955  1.813013E-15
4747.6518  1.838215E-15
4748.0080  1.774525E-15
4748.3643  1.895034E-15
4748.7206  1.805485E-15
4749.0769  1.821044E-15
4749.4331  1.703201E-15
4749.7894  1.664576E-15
4750.1457  1.691712E-15
4750.5020  1.644566E-15
4750.8582  1.606598E-15
4751.2145  1.645912E-15
4751.5708  1.516000E-15
4751.9270  1.717447E-15
4752.2833  1.932933E-15
4752.6396  1.621910E-15
4752.9959  1.913105E-15
4753.3521  1.789835E-15
4753.7084  1.613819E-15
4754.0647  1.681264E-15
4754.4209  1.699256E-15
4754.7772  1.894717E-15
4755.1335  1.899597E-15
4755.4898  1.811219E-15
4755.8460  1.893286E-15
4756.2023  1.929918E-15
4756.5586  1.814529E-15
4756.9148  1.855576E-15
4757.2711  1.824831E-15
4757.6274  1.614040E-15
4757.9837  1.922705E-15
4758.3399  1.763444E-15
4758.6962  2.079355E-15
4759.0525  1.923127E-15
4759.4088  1.895673E-15
4759.7650  1.886263E-15
4760.1213  1.900634E-15
4760.4776  1.823319E-15
4760.8338  2.048395E-15
4761.1901  2.068844E-15
4761.5464  1.796271E-15
4761.9027  1.545049E-15
4762.2589  1.889693E-15
4762.6152  1.660133E-15
4762.9715  2.094031E-15
4763.3277  1.975465E-15
4763.6840  1.924023E-15
4764.0403  1.919324E-15
4764.3966  1.593175E-15
4764.7528  2.018466E-15
4765.1091  2.003511E-15
4765.4654  2.068229E-15
4765.8216  1.930579E-15
4766.1779  2.076468E-15
4766.5342  2.096570E-15
4766.8905  1.964893E-15
4767.2467  1.785337E-15
4767.6030  1.762042E-15
4767.9593  1.893236E-15
4768.3156  1.915979E-15
4768.6718  1.691536E-15
4769.0281  1.709117E-15
4769.3844  2.014806E-15
4769.7406  2.232242E-15
4770.0969  2.259791E-15
4770.4532  2.279178E-15
4770.8095  2.113863E-15
4771.1657  2.297279E-15
4771.5220  2.386823E-15
4771.8783  2.245942E-15
4772.2345  2.112822E-15
4772.5908  2.012875E-15
4772.9471  1.736272E-15
4773.3034  1.896644E-15
4773.6596  2.129808E-15
4774.0159  2.101048E-15
4774.3722  1.885422E-15
4774.7284  1.689711E-15
4775.0847  2.105440E-15
4775.4410  2.411916E-15
4775.7973  2.571002E-15
4776.1535  2.439164E-15
4776.5098  2.366995E-15
4776.8661  2.318066E-15
4777.2224  2.180552E-15
4777.5786  2.069577E-15
4777.9349  1.962227E-15
4778.2912  2.051100E-15
4778.6474  1.932847E-15
4779.0037  2.240334E-15
4779.3600  2.303708E-15
4779.7163  2.055467E-15
4780.0725  2.473104E-15
4780.4288  2.379255E-15
4780.7851  1.905765E-15
4781.1413  2.488227E-15
4781.4976  2.746734E-15
4781.8539  2.619547E-15
4782.2102  2.671331E-15
4782.5664  2.670607E-15
4782.9227  2.569210E-15
4783.2790  2.570036E-15
4783.6352  2.755102E-15
4783.9915  2.697488E-15
4784.3478  2.622338E-15
4784.7041  2.701655E-15
4785.0603  2.579585E-15
4785.4166  2.072362E-15
4785.7729  1.854343E-15
4786.1292  2.150997E-15
4786.4854  1.915049E-15
4786.8417  1.826018E-15
4787.1980  1.982141E-15
4787.5542  2.197273E-15
4787.9105  2.242918E-15
4788.2668  1.911515E-15
4788.6231  1.927252E-15
4788.9793  1.742222E-15
4789.3356  2.039715E-15
4789.6919  2.214377E-15
4790.0481  1.899958E-15
4790.4044  2.027867E-15
4790.7607  1.853901E-15
4791.1170  1.916131E-15
4791.4732  1.837278E-15
4791.8295  1.777386E-15
4792.1858  1.652221E-15
4792.5420  1.439163E-15
4792.8983  1.303593E-15
4793.2546  1.503672E-15
4793.6109  1.959757E-15
4793.9671  1.919239E-15
4794.3234  2.062228E-15
4794.6797  1.875227E-15
4795.0360  1.817362E-15
4795.3922  1.628409E-15
4795.7485  1.521584E-15
4796.1048  1.701611E-15
4796.4610  1.831292E-15
4796.8173  1.801587E-15
4797.1736  1.713076E-15
4797.5299  1.817665E-15
4797.8861  1.845416E-15
4798.2424  1.745350E-15
4798.5987  1.992819E-15
4798.9549  1.752213E-15
4799.3112  1.866852E-15
4799.6675  1.885678E-15
4800.0238  1.761357E-15
4800.3800  1.797194E-15
4800.7363  1.775206E-15
4801.0926  2.039486E-15
4801.4488  1.870223E-15
4801.8051  1.712477E-15
4802.1614  1.806722E-15
4802.5177  1.850411E-15
4802.8739  1.797612E-15
4803.2302  1.990349E-15
4803.5865  2.077499E-15
4803.9428  1.750558E-15
4804.2990  1.972010E-15
4804.6553  1.681328E-15
4805.0116  1.692946E-15
4805.3678  1.837891E-15
4805.7241  1.669135E-15
4806.0804  1.940204E-15
4806.4367  1.667965E-15
4806.7929  1.893231E-15
4807.1492  2.119132E-15
4807.5055  1.997301E-15
4807.8617  2.054141E-15
4808.2180  1.825384E-15
4808.5743  1.842353E-15
4808.9306  1.722181E-15
4809.2868  1.764921E-15
4809.6431  1.803055E-15
4809.9994  1.855142E-15
4810.3556  1.820032E-15
4810.7119  1.872021E-15
4811.0682  1.658408E-15
4811.4245  1.914447E-15
4811.7807  1.934890E-15
4812.1370  2.063425E-15
4812.4933  1.854536E-15
4812.8496  1.770162E-15
4813.2058  1.639472E-15
4813.5621  2.039886E-15
4813.9184  2.105907E-15
4814.2746  2.004397E-15
4814.6309  1.907376E-15
4814.9872  1.998848E-15
4815.3435  1.973330E-15
4815.6997  1.846050E-15
4816.0560  1.918365E-15
4816.4123  1.631941E-15
4816.7685  1.555394E-15
4817.1248  1.605757E-15
4817.4811  1.699152E-15
4817.8374  1.658190E-15
4818.1936  1.640402E-15
4818.5499  1.738578E-15
4818.9062  1.770956E-15
4819.2624  1.918177E-15
4819.6187  2.049761E-15
4819.9750  1.965439E-15
4820.3313  2.343614E-15
4820.6875  1.991110E-15
4821.0438  2.109968E-15
4821.4001  2.222979E-15
4821.7564  2.140251E-15
4822.1126  1.773942E-15
4822.4689  1.823796E-15
4822.8252  1.867845E-15
4823.1814  1.587885E-15
4823.5377  1.609659E-15
4823.8940  1.817563E-15
4824.2503  1.711400E-15
4824.6065  1.970215E-15
4824.9628  1.978122E-15
4825.3191  1.982868E-15
4825.6753  1.772041E-15
4826.0316  1.720276E-15
4826.3879  1.578875E-15
4826.7442  1.934787E-15
4827.1004  1.955473E-15
4827.4567  1.850864E-15
4827.8130  1.888805E-15
4828.1692  1.938921E-15
4828.5255  1.907309E-15
4828.8818  1.860732E-15
4829.2381  2.103411E-15
4829.5943  2.018383E-15
4829.9506  2.036332E-15
4830.3069  2.044118E-15
4830.6632  2.354589E-15
4831.0194  2.181978E-15
4831.3757  1.874170E-15
4831.7320  2.207791E-15
4832.0882  1.972128E-15
4832.4445  1.977247E-15
4832.8008  2.238595E-15
4833.1571  1.957383E-15
4833.5133  2.497821E-15
4833.8696  2.171938E-15
4834.2259  1.882489E-15
4834.5821  1.720208E-15
4834.9384  2.010348E-15
4835.2947  1.709916E-15
4835.6510  1.714526E-15
4836.0072  1.757009E-15
4836.3635  1.761851E-15
4836.7198  1.666292E-15
4837.0760  1.862676E-15
4837.4323  2.034113E-15
4837.7886  1.846024E-15
4838.1449  1.899392E-15
4838.5011  1.693625E-15
4838.8574  1.869281E-15
4839.2137  1.542048E-15
4839.5700  1.620554E-15
4839.9262  1.733499E-15
4840.2825  1.604941E-15
4840.6388  1.582412E-15
4840.9950  1.601650E-15
4841.3513  1.775816E-15
4841.7076  1.910885E-15
4842.0639  1.793153E-15
4842.4201  1.752887E-15
4842.7764  1.622524E-15
4843.1327  1.510248E-15
4843.4889  1.771267E-15
4843.8452  1.711761E-15
4844.2015  1.556493E-15
4844.5578  1.659611E-15
4844.9140  1.710893E-15
4845.2703  1.723142E-15
4845.6266  1.882835E-15
4845.9828  2.153442E-15
4846.3391  1.840983E-15
4846.6954  1.631209E-15
4847.0517  1.691387E-15
4847.4079  1.714964E-15
4847.7642  1.599592E-15
4848.1205  1.942529E-15
4848.4768  1.842715E-15
4848.8330  1.744288E-15
4849.1893  1.920380E-15
4849.5456  1.909410E-15
4849.9018  1.811214E-15
4850.2581  1.726120E-15
4850.6144  2.021784E-15
4850.9707  1.802260E-15
4851.3269  1.779815E-15
4851.6832  1.746181E-15
4852.0395  1.817998E-15
4852.3957  1.905107E-15
4852.7520  2.206515E-15
4853.1083  2.016761E-15
4853.4646  2.028444E-15
4853.8208  2.006577E-15
4854.1771  1.906317E-15
4854.5334  1.922534E-15
4854.8896  1.853710E-15
4855.2459  1.798150E-15
4855.6022  1.833106E-15
4855.9585  1.683293E-15
4856.3147  1.819275E-15
4856.6710  1.632511E-15
4857.0273  1.968935E-15
4857.3836  2.245187E-15
4857.7398  2.027471E-15
4858.0961  2.090703E-15
4858.4524  2.277052E-15
4858.8086  3.108003E-15
4859.1649  6.347247E-15
4859.5212  1.496541E-14
4859.8775  3.075644E-14
4860.2337  4.884682E-14
4860.5900  6.165484E-14
4860.9463  7.745214E-14
4861.3025  1.337705E-13
4861.6588  2.758124E-13
4862.0151  4.954570E-13
4862.3714  6.872030E-13
4862.7276  7.223741E-13
4863.0839  5.825816E-13
4863.4402  3.498470E-13
4863.7964  1.433765E-13
4864.1527  3.808064E-14
4864.5090  8.406673E-15
4864.8653  3.163508E-15
4865.2215  2.361475E-15
4865.5778  2.186383E-15
4865.9341  2.327922E-15
4866.2904  2.351795E-15
4866.6466  2.270002E-15
4867.0029  2.436544E-15
4867.3592  2.253718E-15
4867.7154  2.272281E-15
4868.0717  2.490269E-15
4868.4280  2.539776E-15
4868.7843  2.363292E-15
4869.1405  2.325714E-15
4869.4968  1.916158E-15
4869.8531  2.220014E-15
4870.2093  2.071027E-15
4870.5656  1.990173E-15
4870.9219  1.754361E-15
4871.2782  1.799577E-15
4871.6344  1.655358E-15
4871.9907  1.791826E-15
4872.3470  1.777588E-15
4872.7032  1.862006E-15
4873.0595  1.721688E-15
4873.4158  1.791326E-15
4873.7721  1.866437E-15
4874.1283  1.946755E-15
4874.4846  1.809283E-15
4874.8409  1.664221E-15
4875.1972  1.944383E-15
4875.5534  2.068526E-15
4875.9097  1.887349E-15
4876.2660  1.731479E-15
4876.6222  1.792669E-15
4876.9785  1.809597E-15
4877.3348  1.885759E-15
4877.6911  1.902978E-15
4878.0473  1.726181E-15
4878.4036  1.869975E-15
4878.7599  1.677973E-15
4879.1161  1.777952E-15
4879.4724  1.902264E-15
4879.8287  1.694938E-15
4880.1850  1.721794E-15
4880.5412  1.780785E-15
4880.8975  1.874922E-15
4881.2538  1.944467E-15
4881.6100  2.147601E-15
4881.9663  2.161869E-15
4882.3226  2.388090E-15
4882.6789  2.262520E-15
4883.0351  2.180777E-15
4883.3914  1.690346E-15
4883.7477  1.688774E-15
4884.1040  1.711203E-15
4884.4602  1.702229E-15
4884.8165  1.677299E-15
4885.1728  1.842945E-15
4885.5290  1.871275E-15
4885.8853  1.685220E-15
4886.2416  1.784544E-15
4886.5979  1.758715E-15
4886.9541  1.676661E-15
4887.3104  1.846605E-15
4887.6667  1.742063E-15
4888.0229  1.610170E-15
4888.3792  1.632959E-15
4888.7355  1.545857E-15
4889.0918  1.787814E-15
4889.4480  1.728065E-15
4889.8043  1.752604E-15
4890.1606  1.771281E-15
4890.5168  1.635517E-15
4890.8731  1.635809E-15
4891.2294  2.036647E-15
4891.5857  1.819507E-15
4891.9419  1.873359E-15
4892.2982  1.942065E-15
4892.6545  2.072862E-15
4893.0108  1.802329E-15
4893.3670  1.849076E-15
4893.7233  2.076338E-15
4894.0796  2.006374E-15
4894.4358  2.043790E-15
4894.7921  2.236011E-15
4895.1484  2.074760E-15
4895.5047  1.970758E-15
4895.8609  2.070330E-15
4896.2172  2.135239E-15
4896.5735  2.014640E-15
4896.9297  2.079411E-15
4897.2860  2.058206E-15
4897.6423  1.845120E-15
4897.9986  1.863036E-15
4898.3548  1.937115E-15
4898.7111  1.921658E-15
4899.0674  2.218559E-15
4899.4236  2.209582E-15
4899.7799  2.120330E-15
4900.1362  1.919339E-15
4900.4925  2.065961E-15
4900.8487  2.339424E-15
4901.2050  2.120363E-15
4901.5613  2.057876E-15
4901.9176  1.947861E-15
4902.2738  2.097643E-15
4902.6301  2.128711E-15
4902.9864  1.935529E-15
4903.3426  2.113400E-15
4903.6989  2.453084E-15
4904.0552  2.287863E-15
4904.4115  2.152550E-15
4904.7677  2.209198E-15
4905.1240  2.160432E-15
4905.4803  2.163672E-15
4905.8365  2.437644E-15
4906.1928  2.244740E-15
4906.5491  2.111307E-15
4906.9054  2.031331E-15
4907.2616  2.159889E-15
4907.6179  2.431853E-15
4907.9742  2.147181E-15
4908.3304  2.215873E-15
4908.6867  2.211144E-15
4909.0430  2.336613E-15
4909.3993  2.143427E-15
4909.7555  2.096781E-15
4910.1118  2.303680E-15
4910.4681  2.164916E-15
4910.8244  2.155038E-15
4911.1806  1.879463E-15
4911.5369  2.083710E-15
4911.8932  2.143376E-15
4912.2494  2.187294E-15
4912.6057  2.107094E-15
4912.9620  2.343363E-15
4913.3183  2.011129E-15
4913.6745  2.146251E-15
4914.0308  2.021761E-15
4914.3871  2.178422E-15
4914.7433  1.984979E-15
4915.0996  1.865064E-15
4915.4559  1.939429E-15
4915.8122  2.106958E-15
4916.1684  2.360764E-15
4916.5247  2.036573E-15
4916.8810  2.352280E-15
4917.2372  2.238133E-15
4917.5935  1.953798E-15
4917.9498  1.988451E-15
4918.3061  2.188241E-15
4918.6623  2.192993E-15
4919.0186  2.174589E-15
4919.3749  2.286639E-15
4919.7312  2.171239E-15
4920.0874  1.990855E-15
4920.4437  2.035644E-15
4920.8000  2.137278E-15
4921.1562  2.278914E-15
4921.5125  2.119654E-15
4921.8688  2.061630E-15
4922.2251  2.741967E-15
4922.5813  4.517681E-15
4922.9376  5.879684E-15
4923.2939  6.499803E-15
4923.6501  5.901829E-15
4924.0064  4.583031E-15
4924.3627  3.329820E-15
4924.7190  2.460527E-15
4925.0752  2.389233E-15
4925.4315  2.120083E-15
4925.7878  2.213213E-15
4926.1440  1.908779E-15
4926.5003  2.127504E-15
4926.8566  2.284048E-15
4927.2129  1.955085E-15
4927.5691  2.089540E-15
4927.9254  2.154509E-15
4928.2817  2.460960E-15
4928.6380  2.718230E-15
4928.9942  2.624391E-15
4929.3505  2.326225E-15
4929.7068  2.627959E-15
4930.0630  2.355551E-15
4930.4193  2.508638E-15
4930.7756  2.368105E-15
4931.1319  2.351837E-15
4931.4881  2.774747E-15
4931.8444  2.792780E-15
4932.2007  2.989714E-15
4932.5569  3.250394E-15
4932.9132  2.952647E-15
4933.2695  2.664619E-15
4933.6258  2.785352E-15
4933.9820  2.604105E-15
4934.3383  2.415254E-15
4934.6946  2.343328E-15
4935.0508  2.410819E-15
4935.4071  2.257653E-15
4935.7634  2.325330E-15
4936.1197  2.200418E-15
4936.4759  2.336855E-15
4936.8322  2.243320E-15
4937.1885  2.077599E-15
4937.5448  2.353253E-15
4937.9010  2.486816E-15
4938.2573  2.516184E-15
4938.6136  2.199348E-15
4938.9698  2.370902E-15
4939.3261  2.265165E-15
4939.6824  2.255001E-15
4940.0387  2.322311E-15
4940.3949  2.437570E-15
4940.7512  2.472326E-15
4941.1075  2.240316E-15
4941.4637  2.306887E-15
4941.8200  2.660046E-15
4942.1763  2.788019E-15
4942.5326  2.595058E-15
4942.8888  2.805349E-15
4943.2451  2.886154E-15
4943.6014  2.746274E-15
4943.9576  2.729928E-15
4944.3139  2.347374E-15
4944.6702  2.700626E-15
4945.0265  2.759638E-15
4945.3827  2.914258E-15
4945.7390  2.862036E-15
4946.0953  3.036285E-15
4946.4516  2.848398E-15
4946.8078  2.727949E-15
4947.1641  2.569825E-15
4947.5204  2.387692E-15
4947.8766  2.574532E-15
4948.2329  2.528475E-15
4948.5892  2.495029E-15
4948.9455  2.475562E-15
4949.3017  2.796947E-15
4949.6580  2.613439E-15
4950.0143  2.637437E-15
4950.3705  2.488484E-15
4950.7268  2.424520E-15
4951.0831  2.368342E-15
4951.4394  2.433723E-15
4951.7956  2.505308E-15
4952.1519  2.624464E-15
4952.5082  2.587483E-15
4952.8644  2.694677E-15
4953.2207  2.322220E-15
4953.5770  2.609831E-15
4953.9333  2.817343E-15
4954.2895  2.855781E-15
4954.6458  2.917337E-15
4955.0021  2.898991E-15
4955.3584  2.841940E-15
4955.7146  2.886616E-15
4956.0709  3.122313E-15
4956.4272  3.372907E-15
4956.7834  3.218184E-15
4957.1397  3.759039E-15
4957.4960  4.506372E-15
4957.8523  7.557362E-15
4958.2085  2.122947E-14
4958.5648  8.370898E-14
4958.9211  2.941709E-13
4959.2773  8.120550E-13
4959.6336  1.598791E-12
4959.9899  2.374061E-12
4960.3462  2.664311E-12
4960.7024  2.394693E-12
4961.0587  1.812493E-12
4961.4150  1.107078E-12
4961.7712  2.446379E-13
4962.1275  2.231137E-14
4962.4838  9.857287E-15
4962.8401  5.347363E-15
4963.1963  4.072245E-15
4963.5526  3.475683E-15
4963.9089  3.294563E-15
4964.2652  2.952731E-15
4964.6214  3.066306E-15
4964.9777  2.750250E-15
4965.3340  2.641489E-15
4965.6902  2.951185E-15
4966.0465  2.596521E-15
4966.4028  2.448282E-15
4966.7591  2.441619E-15
4967.1153  2.336422E-15
4967.4716  2.553447E-15
4967.8279  3.027156E-15
4968.1841  3.494858E-15
4968.5404  4.100247E-15
4968.8967  4.067382E-15
4969.2530  3.980362E-15
4969.6092  3.408152E-15
4969.9655  2.547221E-15
4970.3218  2.463007E-15
4970.6780  2.329834E-15
4971.0343  2.573960E-15
4971.3906  2.303831E-15
4971.7469  2.294869E-15
4972.1031  2.463717E-15
4972.4594  2.429989E-15
4972.8157  2.997117E-15
4973.1720  4.240645E-15
4973.5282  6.046653E-15
4973.8845  7.340739E-15
4974.2408  8.017295E-15
4974.5970  7.272496E-15
4974.9533  5.578589E-15
4975.3096  3.820753E-15
4975.6659  2.684227E-15
4976.0221  2.269020E-15
4976.3784  2.329110E-15
4976.7347  2.281952E-15
4977.0909  2.427420E-15
4977.4472  2.291066E-15
4977.8035  2.099378E-15
4978.1598  2.097863E-15
4978.5160  2.419320E-15
4978.8723  2.079134E-15
4979.2286  2.244459E-15
4979.5848  2.317775E-15
4979.9411  2.186087E-15
4980.2974  2.027103E-15
4980.6537  2.010500E-15
4981.0099  2.114013E-15
4981.3662  2.473229E-15
4981.7225  2.340483E-15
4982.0788  2.440912E-15
4982.4350  2.172044E-15
4982.7913  2.289932E-15
4983.1476  2.475589E-15
4983.5038  2.477440E-15
4983.8601  2.207914E-15
4984.2164  2.520835E-15
4984.5727  2.468362E-15
4984.9289  2.486013E-15
4985.2852  2.663129E-15
4985.6415  2.473393E-15
4985.9977  2.834174E-15
4986.3540  2.566458E-15
4986.7103  2.551810E-15
4987.0666  2.547267E-15
4987.4228  2.394658E-15
4987.7791  2.915278E-15
4988.1354  2.896837E-15
4988.4916  2.753030E-15
4988.8479  2.546412E-15
4989.2042  2.712338E-15
4989.5605  2.646117E-15
4989.9167  2.708325E-15
4990.2730  3.054173E-15
4990.6293  2.680042E-15
4990.9856  2.646311E-15
4991.3418  2.733562E-15
4991.6981  2.460987E-15
4992.0544  2.108462E-15
4992.4106  2.326416E-15
4992.7669  2.438013E-15
4993.1232  2.632707E-15
4993.4795  2.541313E-15
4993.8357  2.424538E-15
4994.1920  2.833311E-15
4994.5483  2.680134E-15
4994.9045  2.440603E-15
4995.2608  2.068036E-15
4995.6171  2.393201E-15
4995.9734  2.937756E-15
4996.3296  2.727726E-15
4996.6859  2.595000E-15
4997.0422  2.753047E-15
4997.3984  3.003204E-15
4997.7547  2.919436E-15
4998.1110  2.691967E-15
4998.4673  2.672136E-15
4998.8235  2.967029E-15
4999.1798  3.109192E-15
4999.5361  2.828003E-15
4999.8924  2.895442E-15
5000.2486  3.183313E-15
5000.6049  3.054452E-15
5000.9612  3.087807E-15
5001.3174  3.206507E-15
5001.6737  3.120304E-15
5002.0300  3.457131E-15
5002.3863  3.741686E-15
5002.7425  4.069117E-15
5003.0988  4.376543E-15
5003.4551  4.408498E-15
5003.8113  4.760826E-15
5004.1676  4.925109E-15
5004.5239  5.177085E-15
5004.8802  6.017217E-15
5005.2364  7.389534E-15
5005.5927  1.194054E-14
5005.9490  2.516601E-14
5006.3052  6.637287E-14
5006.6615  3.126801E-13
5007.0178  1.349944E-12
5007.3741  3.563323E-12
5007.7303  5.945202E-12
5008.0866  7.606664E-12
5008.4429  7.662568E-12
5008.7992  6.954537E-12
5009.1554  5.387889E-12
5009.5117  3.704870E-12
5009.8680  8.094462E-13
5010.2242  2.211600E-13
5010.5805  1.950699E-14
5010.9368  9.668120E-15
5011.2931  7.059885E-15
5011.6493  6.072944E-15
5012.0056  4.989528E-15
5012.3619  4.456528E-15
5012.7181  3.943729E-15
5013.0744  3.374629E-15
5013.4307  3.169192E-15
5013.7870  3.053266E-15
5014.1432  2.818097E-15
5014.4995  2.705271E-15
5014.8558  2.605706E-15
5015.2120  2.620294E-15
5015.5683  2.804747E-15
5015.9246  3.180303E-15
5016.2809  4.537873E-15
5016.6371  6.672298E-15
5016.9934  7.879660E-15
5017.3497  7.984421E-15
5017.7060  7.532812E-15
5018.0622  5.358762E-15
5018.4185  3.585919E-15
5018.7748  2.386916E-15
5019.1310  1.904742E-15
5019.4873  2.049204E-15
5019.8436  2.069541E-15
5020.1999  1.800825E-15
5020.5561  1.801760E-15
5020.9124  1.808000E-15
5021.2687  1.955102E-15
5021.6249  2.108538E-15
5021.9812  2.118918E-15
5022.3375  1.930902E-15
5022.6938  2.149173E-15
5023.0500  2.195249E-15
5023.4063  1.939385E-15
5023.7626  2.062698E-15
5024.1188  2.157722E-15
5024.4751  2.379232E-15
5024.8314  2.120512E-15
5025.1877  2.011336E-15
5025.5439  1.977129E-15
5025.9002  2.201598E-15
5026.2565  2.217951E-15
5026.6128  2.104277E-15
5026.9690  1.950815E-15
5027.3253  2.278367E-15
5027.6816  2.292202E-15
5028.0378  2.294559E-15
5028.3941  2.015685E-15
5028.7504  2.289867E-15
5029.1067  2.379451E-15
5029.4629  1.853142E-15
5029.8192  2.117099E-15
5030.1755  1.938300E-15
5030.5317  1.934094E-15
5030.8880  2.060715E-15
5031.2443  2.032545E-15
5031.6006  1.855720E-15
5031.9568  1.871958E-15
5032.3131  1.825322E-15
5032.6694  2.005096E-15
5033.0256  2.250221E-15
5033.3819  2.075802E-15
5033.7382  2.076788E-15
5034.0945  2.067490E-15
5034.4507  2.119645E-15
5034.8070  2.017719E-15
5035.1633  1.783465E-15
5035.5196  2.118683E-15
5035.8758  2.085871E-15
5036.2321  2.052781E-15
5036.5884  1.994267E-15
5036.9446  1.952663E-15
5037.3009  2.084241E-15
5037.6572  2.315639E-15
5038.0135  2.005326E-15
5038.3697  2.129879E-15
5038.7260  1.871277E-15
5039.0823  1.809183E-15
5039.4385  2.214180E-15
5039.7948  2.003354E-15
5040.1511  2.135659E-15
5040.5074  2.187675E-15
5040.8636  2.297416E-15
5041.2199  1.880556E-15
5041.5762  2.008071E-15
5041.9324  1.884772E-15
5042.2887  2.337964E-15
5042.6450  2.038493E-15
5043.0013  1.987620E-15
5043.3575  2.502899E-15
5043.7138  2.332259E-15
5044.0701  2.035610E-15
5044.4264  2.016570E-15
5044.7826  2.292562E-15
5045.1389  2.158146E-15
5045.4952  1.895449E-15
5045.8514  2.119084E-15
5046.2077  1.889057E-15
5046.5640  2.069146E-15
5046.9203  1.785408E-15
5047.2765  1.888745E-15
5047.6328  2.297656E-15
5047.9891  2.206140E-15
5048.3453  2.323274E-15
5048.7016  2.729761E-15
5049.0579  2.489884E-15
5049.4142  2.881902E-15
5049.7704  2.541182E-15
5050.1267  2.083703E-15
5050.4830  2.257050E-15
5050.8392  2.123485E-15
5051.1955  1.852920E-15
5051.5518  1.931843E-15
5051.9081  1.977164E-15
5052.2643  1.667299E-15
5052.6206  1.724259E-15
5052.9769  1.910345E-15
5053.3332  1.921757E-15
5053.6894  2.022333E-15
5054.0457  1.972825E-15
5054.4020  1.920185E-15
5054.7582  2.008285E-15
5055.1145  1.973352E-15
5055.4708  1.840253E-15
5055.8271  1.915525E-15
5056.1833  1.813917E-15
5056.5396  2.124171E-15
5056.8959  2.266715E-15
5057.2521  2.021207E-15
5057.6084  2.015870E-15
5057.9647  1.804423E-15
5058.3210  2.058600E-15
5058.6772  2.246734E-15
5059.0335  1.982615E-15
5059.3898  2.125198E-15
5059.7460  1.931597E-15
5060.1023  2.164435E-15
5060.4586  2.088379E-15
5060.8149  1.861036E-15
5061.1711  2.065129E-15
5061.5274  1.820169E-15
5061.8837  2.065924E-15
5062.2400  1.975672E-15
5062.5962  1.706117E-15
5062.9525  1.947874E-15
5063.3088  2.279955E-15
5063.6650  2.238699E-15
5064.0213  1.952512E-15
5064.3776  2.054155E-15
5064.7339  2.178101E-15
5065.0901  2.003716E-15
5065.4464  1.986096E-15
5065.8027  1.973837E-15
5066.1589  2.020261E-15
5066.5152  1.940006E-15
5066.8715  2.016990E-15
5067.2278  1.899608E-15
5067.5840  1.925334E-15
5067.9403  1.928192E-15
5068.2966  1.949346E-15
5068.6528  1.834728E-15
5069.0091  1.947701E-15
5069.3654  2.023843E-15
5069.7217  2.115282E-15
5070.0779  2.082683E-15
5070.4342  1.917672E-15
5070.7905  2.174944E-15
5071.1468  1.963829E-15
5071.5030  1.735273E-15
5071.8593  1.770623E-15
5072.2156  2.132811E-15
5072.5718  2.103466E-15
5072.9281  2.046906E-15
5073.2844  1.925388E-15
5073.6407  1.945574E-15
5073.9969  2.009269E-15
5074.3532  2.051546E-15
5074.7095  2.095603E-15
5075.0657  1.846501E-15
5075.4220  1.958058E-15
5075.7783  1.936823E-15
5076.1346  1.865510E-15
5076.4908  2.103778E-15
5076.8471  2.132201E-15
5077.2034  2.045015E-15
5077.5596  1.891591E-15
5077.9159  2.171771E-15
5078.2722  2.088749E-15
5078.6285  2.264633E-15
5078.9847  1.996147E-15
5079.3410  1.948497E-15
5079.6973  1.985440E-15
5080.0536  1.992256E-15
5080.4098  1.922492E-15
5080.7661  2.120090E-15
5081.1224  2.195466E-15
5081.4786  1.855434E-15
5081.8349  1.954075E-15
5082.1912  2.031018E-15
5082.5475  1.787295E-15
5082.9037  1.872186E-15
5083.2600  1.838773E-15
5083.6163  1.725343E-15
5083.9725  1.889227E-15
5084.3288  2.193932E-15
5084.6851  1.850930E-15
5085.0414  1.983975E-15
5085.3976  2.251945E-15
5085.7539  2.054115E-15
5086.1102  1.904460E-15
5086.4664  2.496422E-15
5086.8227  2.413719E-15
5087.1790  1.899017E-15
5087.5353  1.840177E-15
5087.8915  1.919292E-15
5088.2478  1.966291E-15
5088.6041  1.977426E-15
5088.9604  2.060227E-15
5089.3166  2.161171E-15
5089.6729  2.266249E-15
5090.0292  2.033015E-15
5090.3854  2.310761E-15
5090.7417  2.294358E-15
5091.0980  2.025828E-15
5091.4543  2.101880E-15
5091.8105  2.101762E-15
5092.1668  2.199337E-15
5092.5231  2.429037E-15
5092.8793  2.296379E-15
5093.2356  2.214900E-15
5093.5919  2.365637E-15
5093.9482  2.190058E-15
5094.3044  2.479068E-15
5094.6607  2.052236E-15
5095.0170  2.188710E-15
5095.3732  2.059153E-15
5095.7295  2.152237E-15
5096.0858  2.048634E-15
5096.4421  2.161798E-15
5096.7983  2.039403E-15
5097.1546  2.068661E-15
5097.5109  1.757799E-15
5097.8672  2.019166E-15
5098.2234  2.050333E-15
5098.5797  1.943731E-15
5098.9360  1.968984E-15
5099.2922  2.308506E-15
5099.6485  2.049324E-15
5100.0048  2.105314E-15
5100.3611  1.875634E-15
5100.7173  2.018847E-15
5101.0736  2.081047E-15
5101.4299  2.025698E-15
5101.7861  1.913861E-15
5102.1424  2.200804E-15
5102.4987  2.342988E-15
5102.8550  2.238731E-15
5103.2112  2.337426E-15
5103.5675  2.264341E-15
5103.9238  2.169440E-15
5104.2800  2.166617E-15
5104.6363  2.164132E-15
5104.9926  2.178383E-15
5105.3489  2.092203E-15
5105.7051  2.221702E-15
5106.0614  1.806199E-15
5106.4177  2.026024E-15
5106.7740  2.375415E-15
5107.1302  1.992557E-15
5107.4865  1.828311E-15
5107.8428  1.908686E-15
5108.1990  1.891302E-15
5108.5553  2.076054E-15
5108.9116  2.082326E-15
5109.2679  2.134902E-15
5109.6241  2.303050E-15
5109.9804  1.987627E-15
5110.3367  1.992089E-15
5110.6929  1.955651E-15
5111.0492  1.961682E-15
5111.4055  1.975616E-15
5111.7618  2.195646E-15
5112.1180  1.993212E-15
5112.4743  1.879700E-15
5112.8306  1.955754E-15
5113.1868  1.839424E-15
5113.5431  2.240090E-15
5113.8994  2.052234E-15
5114.2557  1.989073E-15
5114.6119  2.232440E-15
5114.9682  2.050004E-15
5115.3245  1.994459E-15
5115.6808  2.102392E-15
5116.0370  1.943139E-15
5116.3933  2.005046E-15
5116.7496  2.078623E-15
5117.1058  2.057143E-15
5117.4621  2.002625E-15
5117.8184  2.093859E-15
5118.1747  1.904622E-15
5118.5309  2.014042E-15
5118.8872  1.922508E-15
5119.2435  2.141395E-15
5119.5997  1.912234E-15
5119.9560  2.012881E-15
5120.3123  2.264752E-15
5120.6686  1.985589E-15
5121.0248  1.881351E-15
5121.3811  2.153183E-15
5121.7374  2.084908E-15
5122.0936  1.969724E-15
5122.4499  1.974846E-15
5122.8062  2.149838E-15
5123.1625  2.131955E-15
5123.5187  1.769432E-15
5123.8750  1.732781E-15
5124.2313  1.964975E-15
5124.5876  2.012690E-15
5124.9438  1.914247E-15
5125.3001  1.954290E-15
5125.6564  2.138249E-15
5126.0126  1.836136E-15
5126.3689  1.897097E-15
5126.7252  2.028315E-15
5127.0815  1.813831E-15
5127.4377  1.817060E-15
5127.7940  1.812032E-15
5128.1503  2.087418E-15
5128.5065  2.251390E-15
5128.8628  2.341081E-15
5129.2191  2.243528E-15
5129.5754  2.109203E-15
5129.9316  1.963146E-15
5130.2879  2.164647E-15
5130.6442  2.110840E-15
5131.0004  1.973232E-15
5131.3567  2.081816E-15
5131.7130  2.733752E-15
5132.0693  3.140405E-15
5132.4255  3.535360E-15
5132.7818  3.065039E-15
5133.1381  3.171158E-15
5133.4944  2.671436E-15
5133.8506  2.399275E-15
5134.2069  2.166246E-15
5134.5632  2.255388E-15
5134.9194  1.958046E-15
5135.2757  2.169913E-15
5135.6320  2.043524E-15
5135.9883  1.875136E-15
5136.3445  1.772519E-15
5136.7008  2.108875E-15
5137.0571  2.062190E-15
5137.4133  1.680246E-15
5137.7696  1.900222E-15
5138.1259  1.999356E-15
5138.4822  1.854187E-15
5138.8384  1.847469E-15
5139.1947  1.980699E-15
5139.5510  1.967395E-15
5139.9072  2.108056E-15
5140.2635  2.043427E-15
5140.6198  2.256571E-15
5140.9761  2.142963E-15
5141.3323  1.903748E-15
5141.6886  2.174427E-15
5142.0449  2.120589E-15
5142.4012  2.116221E-15
5142.7574  2.145752E-15
5143.1137  2.387240E-15
5143.4700  1.962091E-15
5143.8262  2.354112E-15
5144.1825  2.143464E-15
5144.5388  2.054357E-15
5144.8951  2.144685E-15
5145.2513  2.036847E-15
5145.6076  2.188727E-15
5145.9639  2.668108E-15
5146.3201  3.697717E-15
5146.6764  5.319113E-15
5147.0327  6.956636E-15
5147.3890  7.721553E-15
5147.7452  7.752494E-15
5148.1015  6.597205E-15
5148.4578  4.934514E-15
5148.8140  3.363037E-15
5149.1703  2.806299E-15
5149.5266  2.544202E-15
5149.8829  2.429860E-15
5150.2391  2.351631E-15
5150.5954  2.117997E-15
5150.9517  2.187622E-15
5151.3080  2.094812E-15
5151.6642  2.545908E-15
5152.0205  2.371246E-15
5152.3768  2.511714E-15
5152.7330  2.341728E-15
5153.0893  2.156092E-15
5153.4456  2.125589E-15
5153.8019  2.138615E-15
5154.1581  2.315956E-15
5154.5144  2.212630E-15
5154.8707  1.981031E-15
5155.2269  2.240016E-15
5155.5832  2.211070E-15
5155.9395  2.055357E-15
5156.2958  2.270250E-15
5156.6520  2.016690E-15
5157.0083  2.158434E-15
5157.3646  2.100651E-15
5157.7208  2.086641E-15
5158.0771  2.773212E-15
5158.4334  2.100946E-15
5158.7897  2.104754E-15
5159.1459  2.391394E-15
5159.5022  2.482333E-15
5159.8585  2.663266E-15
5160.2148  2.785941E-15
5160.5710  2.691423E-15
5160.9273  2.792910E-15
5161.2836  2.529041E-15
5161.6398  2.372490E-15
5161.9961  2.010184E-15
5162.3524  1.976388E-15
5162.7087  2.102516E-15
5163.0649  2.228441E-15
5163.4212  2.261213E-15
5163.7775  2.029515E-15
5164.1337  2.235036E-15
5164.4900  2.319435E-15
5164.8463  2.183270E-15
5165.2026  2.198468E-15
5165.5588  2.114196E-15
5165.9151  2.472309E-15
5166.2714  2.353509E-15
5166.6276  1.959328E-15
5166.9839  1.951065E-15
5167.3402  2.103168E-15
5167.6965  2.135005E-15
5168.0527  2.283878E-15
5168.4090  2.058410E-15
5168.7653  2.124327E-15
5169.1216  1.925061E-15
5169.4778  2.044742E-15
5169.8341  2.389321E-15
5170.1904  2.186983E-15
5170.5466  2.222202E-15
5170.9029  2.042414E-15
5171.2592  2.070227E-15
5171.6155  2.011685E-15
5171.9717  2.115806E-15
5172.3280  2.352315E-15
5172.6843  2.147661E-15
5173.0405  2.163063E-15
5173.3968  1.937665E-15
5173.7531  1.980888E-15
5174.1094  2.161671E-15
5174.4656  2.219742E-15
5174.8219  2.115158E-15
5175.1782  1.871824E-15
5175.5344  2.026304E-15
5175.8907  2.165638E-15
5176.2470  2.469850E-15
5176.6033  2.771938E-15
5176.9595  3.539466E-15
5177.3158  4.560193E-15
5177.6721  5.615354E-15
5178.0284  6.154397E-15
5178.3846  6.227853E-15
5178.7409  5.285832E-15
5179.0972  3.975322E-15
5179.4534  2.761594E-15
5179.8097  2.376208E-15
5180.1660  2.187417E-15
5180.5223  2.228532E-15
5180.8785  2.170298E-15
5181.2348  1.964554E-15
5181.5911  2.083849E-15
5181.9473  2.138570E-15
5182.3036  2.263553E-15
5182.6599  1.992669E-15
5183.0162  2.063360E-15
5183.3724  1.922562E-15
5183.7287  1.894540E-15
5184.0850  1.763883E-15
5184.4412  2.092257E-15
5184.7975  2.206857E-15
5185.1538  2.186271E-15
5185.5101  2.105186E-15
5185.8663  2.063111E-15
5186.2226  2.150632E-15
5186.5789  2.212170E-15
5186.9352  2.167943E-15
5187.2914  2.041426E-15
5187.6477  1.989861E-15
5188.0040  1.968764E-15
5188.3602  2.107695E-15
5188.7165  1.926962E-15
5189.0728  1.836815E-15
5189.4291  2.100727E-15
5189.7853  1.971537E-15
5190.1416  2.076128E-15
5190.4979  1.974350E-15
5190.8541  2.052958E-15
5191.2104  2.197443E-15
5191.5667  2.028601E-15
5191.9230  2.331222E-15
5192.2792  2.903906E-15
5192.6355  3.370507E-15
5192.9918  3.641414E-15
5193.3480  3.566507E-15
5193.7043  3.513832E-15
5194.0606  3.272149E-15
5194.4169  2.854342E-15
5194.7731  2.221561E-15
5195.1294  1.891646E-15
5195.4857  1.918374E-15
5195.8420  1.763314E-15
5196.1982  1.992519E-15
5196.5545  2.045495E-15
5196.9108  2.023834E-15
5197.2670  2.061372E-15
5197.6233  2.324327E-15
5197.9796  2.891876E-15
5198.3359  4.699368E-15
5198.6921  6.740684E-15
5199.0484  7.446312E-15
5199.4047  8.023184E-15
5199.7609  8.814581E-15
5200.1172  9.413099E-15
5200.4735  8.860164E-15
5200.8298  6.968424E-15
5201.1860  6.422100E-15
5201.5423  6.186684E-15
5201.8986  6.636812E-15
5202.2548  7.457923E-15
5202.6111  7.207521E-15
5202.9674  5.631914E-15
5203.3237  3.632117E-15
5203.6799  2.564289E-15
5204.0362  2.243091E-15
5204.3925  2.079763E-15
5204.7488  2.006408E-15
5205.1050  2.158386E-15
5205.4613  2.367398E-15
5205.8176  2.249537E-15
5206.1738  2.295096E-15
5206.5301  2.223321E-15
5206.8864  2.116174E-15
5207.2427  2.328555E-15
5207.5989  2.210390E-15
5207.9552  2.050614E-15
5208.3115  2.084140E-15
5208.6677  1.938145E-15
5209.0240  2.259967E-15
5209.3803  2.467899E-15
5209.7366  2.120040E-15
5210.0928  1.982724E-15
5210.4491  1.970501E-15
5210.8054  2.249846E-15
5211.1616  2.082269E-15
5211.5179  1.999339E-15
5211.8742  2.023786E-15
5212.2305  2.116264E-15
5212.5867  2.418933E-15
5212.9430  2.079503E-15
5213.2993  2.043885E-15
5213.6556  2.037046E-15
5214.0118  1.993543E-15
5214.3681  2.212508E-15
5214.7244  2.242433E-15
5215.0806  2.217715E-15
5215.4369  2.357929E-15
5215.7932  2.140858E-15
5216.1495  1.881447E-15
5216.5057  1.965790E-15
5216.8620  1.992396E-15
5217.2183  2.274889E-15
5217.5745  2.105217E-15
5217.9308  1.941110E-15
5218.2871  2.109583E-15
5218.6434  1.865697E-15
5218.9996  2.110987E-15
5219.3559  2.201501E-15
5219.7122  2.066320E-15
5220.0684  2.093106E-15
5220.4247  2.080678E-15
5220.7810  2.031468E-15
5221.1373  2.271603E-15
5221.4935  2.095919E-15
5221.8498  2.328694E-15
5222.2061  2.143508E-15
5222.5624  2.072901E-15
5222.9186  2.221176E-15
5223.2749  2.339896E-15
5223.6312  2.038164E-15
5223.9874  1.868987E-15
5224.3437  2.139280E-15
5224.7000  2.349415E-15
5225.0563  2.307185E-15
5225.4125  2.053065E-15
5225.7688  2.174451E-15
5226.1251  2.309444E-15
5226.4813  1.886054E-15
5226.8376  2.041190E-15
5227.1939  2.042135E-15
5227.5502  1.904463E-15
5227.9064  2.228420E-15
5228.2627  2.149037E-15
5228.6190  2.157002E-15
5228.9752  2.018621E-15
5229.3315  2.120542E-15
5229.6878  2.026902E-15
5230.0441  2.051822E-15
5230.4003  2.112729E-15
5230.7566  2.224702E-15
5231.1129  2.288000E-15
5231.4692  1.950020E-15
5231.8254  2.059115E-15
5232.1817  2.199452E-15
5232.5380  2.138804E-15
5232.8942  2.122479E-15
5233.2505  2.026056E-15
5233.6068  2.110599E-15
5233.9631  2.086895E-15
5234.3193  2.098060E-15
5234.6756  2.028862E-15
5235.0319  2.398508E-15
5235.3881  2.486663E-15
5235.7444  2.563913E-15
5236.1007  2.484114E-15
5236.4570  2.513716E-15
5236.8132  2.533685E-15
5237.1695  2.301113E-15
5237.5258  2.254580E-15
5237.8820  2.184095E-15
5238.2383  2.119798E-15
5238.5946  2.190687E-15
5238.9509  2.214106E-15
5239.3071  1.930132E-15
5239.6634  2.148001E-15
5240.0197  1.955348E-15
5240.3760  2.060727E-15
5240.7322  1.947101E-15
5241.0885  1.940465E-15
5241.4448  2.035584E-15
5241.8010  2.184874E-15
5242.1573  1.948207E-15
5242.5136  1.979732E-15
5242.8699  1.932051E-15
5243.2261  2.118738E-15
5243.5824  2.131092E-15
5243.9387  2.199626E-15
5244.2949  2.033746E-15
5244.6512  2.273409E-15
5245.0075  2.172837E-15
5245.3638  2.230210E-15
5245.7200  2.317995E-15
5246.0763  2.094301E-15
5246.4326  2.114397E-15
5246.7888  2.007496E-15
5247.1451  2.280579E-15
5247.5014  2.235749E-15
5247.8577  1.937373E-15
5248.2139  2.140821E-15
5248.5702  2.149887E-15
5248.9265  2.089639E-15
5249.2828  1.979244E-15
5249.6390  2.294393E-15
5249.9953  2.308429E-15
5250.3516  2.075025E-15
5250.7078  2.179491E-15
5251.0641  2.365610E-15
5251.4204  2.232379E-15
5251.7767  1.966640E-15
5252.1329  2.218738E-15
5252.4892  2.298300E-15
5252.8455  1.944708E-15
5253.2017  2.236027E-15
5253.5580  2.220152E-15
5253.9143  2.105984E-15
5254.2706  2.190333E-15
5254.6268  2.637829E-15
5254.9831  2.099957E-15
5255.3394  2.083211E-15
5255.6956  2.212259E-15
5256.0519  2.200727E-15
5256.4082  2.339763E-15
5256.7645  2.520387E-15
5257.1207  2.323866E-15
5257.4770  2.289998E-15
5257.8333  2.024395E-15
5258.1896  1.908304E-15
5258.5458  2.109946E-15
5258.9021  2.292035E-15
5259.2584  2.312529E-15
5259.6146  2.018444E-15
5259.9709  2.215059E-15
5260.3272  2.040109E-15
5260.6835  2.186794E-15
5261.0397  2.224942E-15
5261.3960  2.185704E-15
5261.7523  2.028865E-15
5262.1085  2.311586E-15
5262.4648  2.438145E-15
5262.8211  2.121960E-15
5263.1774  2.103913E-15
5263.5336  2.146261E-15
5263.8899  2.264767E-15
5264.2462  2.324983E-15
5264.6024  2.228434E-15
5264.9587  2.223515E-15
5265.3150  2.370075E-15
5265.6713  2.269339E-15
5266.0275  2.136223E-15
5266.3838  2.529326E-15
5266.7401  2.272987E-15
5267.0964  2.174120E-15
5267.4526  2.053883E-15
5267.8089  2.175632E-15
5268.1652  1.924834E-15
5268.5214  2.157169E-15
5268.8777  2.109366E-15
5269.2340  2.249087E-15
5269.5903  2.324904E-15
5269.9465  2.079573E-15
5270.3028  2.505358E-15
5270.6591  2.356921E-15
5271.0153  2.363943E-15
5271.3716  2.923430E-15
5271.7279  2.800886E-15
5272.0842  2.872845E-15
5272.4404  2.885743E-15
5272.7967  2.765671E-15
5273.1530  2.538118E-15
5273.5092  2.618926E-15
5273.8655  2.630837E-15
5274.2218  2.178274E-15
5274.5781  2.436633E-15
5274.9343  2.258719E-15
5275.2906  2.412339E-15
5275.6469  2.394381E-15
5276.0032  2.184221E-15
5276.3594  2.331789E-15
5276.7157  2.567247E-15
5277.0720  2.367332E-15
5277.4282  2.449096E-15
5277.7845  2.421815E-15
5278.1408  2.402856E-15
5278.4971  2.695665E-15
5278.8533  3.103831E-15
5279.2096  3.296625E-15
5279.5659  3.584632E-15
5279.9221  3.382848E-15
5280.2784  3.347420E-15
5280.6347  3.126806E-15
5280.9910  2.680233E-15
5281.3472  2.339207E-15
5281.7035  2.334395E-15
5282.0598  2.558042E-15
5282.4160  2.542537E-15
5282.7723  2.671139E-15
5283.1286  2.521728E-15
5283.4849  2.461726E-15
5283.8411  2.267166E-15
5284.1974  2.343521E-15
5284.5537  2.491084E-15
5284.9100  2.317699E-15
5285.2662  2.450424E-15
5285.6225  2.482100E-15
5285.9788  2.467923E-15
5286.3350  2.123948E-15
5286.6913  2.594528E-15
5287.0476  2.590625E-15
5287.4039  2.564888E-15
5287.7601  2.447570E-15
5288.1164  2.459732E-15
5288.4727  2.492523E-15
5288.8289  2.245825E-15
5289.1852  2.669757E-15
5289.5415  2.673432E-15
5289.8978  2.818220E-15
5290.2540  2.765790E-15
5290.6103  2.570198E-15
5290.9666  2.760605E-15
5291.3228  2.592424E-15
5291.6791  2.698108E-15
5292.0354  2.785865E-15
5292.3917  2.625063E-15
5292.7479  2.597742E-15
5293.1042  2.938982E-15
5293.4605  2.524760E-15
5293.8168  2.790813E-15
5294.1730  2.584148E-15
5294.5293  2.494744E-15
5294.8856  2.644130E-15
5295.2418  2.671056E-15
5295.5981  2.553802E-15
5295.9544  2.436388E-15
5296.3107  2.719263E-15
5296.6669  2.866686E-15
5297.0232  2.633178E-15
5297.3795  2.661909E-15
5297.7357  2.487497E-15
5298.0920  2.547131E-15
5298.4483  2.445414E-15
5298.8046  2.580984E-15
5299.1608  2.589771E-15
5299.5171  2.377895E-15
5299.8734  2.379141E-15
5300.2296  2.531666E-15
5300.5859  2.410423E-15
5300.9422  2.694194E-15
5301.2985  2.419678E-15
5301.6547  2.396276E-15
5302.0110  2.646772E-15
5302.3673  2.483050E-15
5302.7236  2.284314E-15
5303.0798  2.164883E-15
5303.4361  2.311670E-15
5303.7924  2.275463E-15
5304.1486  2.302216E-15
5304.5049  2.309999E-15
5304.8612  2.808384E-15
5305.2175  2.747576E-15
5305.5737  2.692202E-15
5305.9300  2.606586E-15
5306.2863  2.475003E-15
5306.6425  2.693339E-15
5306.9988  2.712319E-15
5307.3551  2.448019E-15
5307.7114  2.611179E-15
5308.0676  2.414242E-15
5308.4239  2.266173E-15
5308.7802  1.924431E-15
5309.1364  2.112562E-15
5309.4927  2.398131E-15
5309.8490  2.840156E-15
5310.2053  3.687693E-15
5310.5615  4.628116E-15
5310.9178  5.111077E-15
5311.2741  5.116488E-15
5311.6304  4.717847E-15
5311.9866  3.551910E-15
5312.3429  2.872054E-15
5312.6992  2.550143E-15
5313.0554  2.233461E-15
5313.4117  2.586210E-15
5313.7680  2.495638E-15
5314.1243  2.279945E-15
5314.4805  2.313806E-15
5314.8368  2.490483E-15
5315.1931  2.225977E-15
5315.5493  2.016992E-15
5315.9056  2.047936E-15
5316.2619  2.369522E-15
5316.6182  2.401567E-15
5316.9744  2.290000E-15
5317.3307  2.417036E-15
5317.6870  2.374738E-15
5318.0432  2.392275E-15
5318.3995  2.074459E-15
5318.7558  2.271983E-15
5319.1121  2.172559E-15
5319.4683  2.555326E-15
5319.8246  2.541703E-15
5320.1809  2.475126E-15
5320.5372  2.147512E-15
5320.8934  2.219488E-15
5321.2497  2.340938E-15
5321.6060  2.192341E-15
5321.9622  2.114631E-15
5322.3185  2.361843E-15
5322.6748  2.215962E-15
5323.0311  2.121313E-15
5323.3873  2.161548E-15
5323.7436  2.370483E-15
5324.0999  2.617457E-15
5324.4561  2.597766E-15
5324.8124  2.711916E-15
5325.1687  3.006581E-15
5325.5250  2.713923E-15
5325.8812  2.462323E-15
5326.2375  2.180044E-15
5326.5938  2.134985E-15
5326.9500  2.078617E-15
5327.3063  2.387915E-15
5327.6626  2.231161E-15
5328.0189  2.575752E-15
5328.3751  2.467149E-15
5328.7314  2.203311E-15
5329.0877  2.217463E-15
5329.4440  2.669633E-15
5329.8002  2.519192E-15
5330.1565  2.205252E-15
5330.5128  2.404677E-15
5330.8690  2.663698E-15
5331.2253  2.355782E-15
5331.5816  2.289752E-15
5331.9379  2.129092E-15
5332.2941  2.078139E-15
5332.6504  2.236474E-15
5333.0067  2.166474E-15
5333.3629  2.111877E-15
5333.7192  2.251910E-15
5334.0755  2.195377E-15
5334.4318  2.194489E-15
5334.7880  2.393298E-15
5335.1443  2.350282E-15
5335.5006  2.443265E-15
5335.8568  3.293683E-15
5336.2131  4.543980E-15
5336.5694  5.718565E-15
5336.9257  6.140650E-15
5337.2819  6.549927E-15
5337.6382  6.201254E-15
5337.9945  4.778116E-15
5338.3508  3.601697E-15
5338.7070  2.662371E-15
5339.0633  2.634131E-15
5339.4196  2.558762E-15
5339.7758  2.152694E-15
5340.1321  2.271350E-15
5340.4884  2.380913E-15
5340.8447  2.285526E-15
5341.2009  2.148951E-15
5341.5572  2.350095E-15
5341.9135  2.089921E-15
5342.2697  2.196602E-15
5342.6260  2.307090E-15
5342.9823  2.595962E-15
5343.3386  2.460433E-15
5343.6948  2.463219E-15
5344.0511  2.580084E-15
5344.4074  2.573884E-15
5344.7636  2.416403E-15
5345.1199  2.264977E-15
5345.4762  2.298335E-15
5345.8325  2.386295E-15
5346.1887  2.192633E-15
5346.5450  2.336464E-15
5346.9013  2.450776E-15
5347.2576  2.588258E-15
5347.6138  2.525535E-15
5347.9701  2.616756E-15
5348.3264  2.284307E-15
5348.6826  2.399303E-15
5349.0389  2.108088E-15
5349.3952  2.435078E-15
5349.7515  2.230301E-15
5350.1077  1.963537E-15
5350.4640  2.075416E-15
5350.8203  2.093101E-15
5351.1765  2.175905E-15
5351.5328  2.168126E-15
5351.8891  2.087917E-15
5352.2454  2.381501E-15
5352.6016  2.223877E-15
5352.9579  2.188622E-15
5353.3142  2.123313E-15
5353.6704  2.180019E-15
5354.0267  2.315476E-15
5354.3830  2.505573E-15
5354.7393  2.424541E-15
5355.0955  2.414354E-15
5355.4518  2.549405E-15
5355.8081  2.546530E-15
5356.1644  2.246927E-15
5356.5206  2.384838E-15
5356.8769  2.324542E-15
5357.2332  2.514227E-15
5357.5894  2.311983E-15
5357.9457  2.550446E-15
5358.3020  2.269563E-15
5358.6583  2.332283E-15
5359.0145  2.526845E-15
5359.3708  2.436757E-15
5359.7271  2.451039E-15
5360.0833  2.385776E-15
5360.4396  2.468235E-15
5360.7959  2.546800E-15
5361.1522  2.606697E-15
5361.5084  2.321674E-15
5361.8647  2.283948E-15
5362.2210  2.164856E-15
5362.5772  2.259806E-15
5362.9335  2.643757E-15
5363.2898  2.230350E-15
5363.6461  2.496319E-15
5364.0023  2.379892E-15
5364.3586  2.375762E-15
5364.7149  2.235011E-15
5365.0712  2.640057E-15
5365.4274  2.191119E-15
5365.7837  2.145051E-15
5366.1400  2.395854E-15
5366.4962  2.324253E-15
5366.8525  2.354207E-15
5367.2088  2.410694E-15
5367.5651  2.807658E-15
5367.9213  2.653520E-15
5368.2776  2.817218E-15
5368.6339  2.411268E-15
5368.9901  2.383296E-15
5369.3464  2.530170E-15
5369.7027  2.302383E-15
5370.0590  2.535357E-15
5370.4152  2.076756E-15
5370.7715  2.468427E-15
5371.1278  2.341993E-15
5371.4840  2.618556E-15
5371.8403  2.563554E-15
5372.1966  2.582754E-15
5372.5529  2.825156E-15
5372.9091  2.556798E-15
5373.2654  2.372629E-15
5373.6217  2.211721E-15
5373.9780  2.428961E-15
5374.3342  2.304570E-15
5374.6905  2.259476E-15
5375.0468  2.402147E-15
5375.4030  2.103345E-15
5375.7593  2.216050E-15
5376.1156  2.293334E-15
5376.4719  2.540584E-15
5376.8281  2.642145E-15
5377.1844  2.498938E-15
5377.5407  2.512485E-15
5377.8969  2.485254E-15
5378.2532  2.281294E-15
5378.6095  2.629208E-15
5378.9658  2.441970E-15
5379.3220  2.501829E-15
5379.6783  2.487994E-15
5380.0346  2.552056E-15
5380.3908  2.783663E-15
5380.7471  2.588095E-15
5381.1034  2.518477E-15
5381.4597  2.368725E-15
5381.8159  2.616139E-15
5382.1722  2.602398E-15
5382.5285  2.575090E-15
5382.8848  2.532785E-15
5383.2410  2.516745E-15
5383.5973  2.507322E-15
5383.9536  2.365648E-15
5384.3098  2.497446E-15
5384.6661  2.699473E-15
5385.0224  2.306182E-15
5385.3787  2.519195E-15
5385.7349  2.262908E-15
5386.0912  2.201062E-15
5386.4475  2.328092E-15
5386.8037  2.266241E-15
5387.1600  2.172722E-15
5387.5163  2.426236E-15
5387.8726  2.408962E-15
5388.2288  2.454509E-15
5388.5851  2.307633E-15
5388.9414  2.219128E-15
5389.2976  2.372353E-15
5389.6539  2.206614E-15
5390.0102  2.415633E-15
5390.3665  2.739119E-15
5390.7227  2.603505E-15
5391.0790  2.903766E-15
5391.4353  2.539678E-15
5391.7916  2.396163E-15
5392.1478  2.422730E-15
5392.5041  2.461284E-15
5392.8604  2.596206E-15
5393.2166  2.597268E-15
5393.5729  2.576185E-15
5393.9292  2.714541E-15
5394.2855  2.630232E-15
5394.6417  2.493960E-15
5394.9980  2.281529E-15
5395.3543  2.517258E-15
5395.7105  2.477215E-15
5396.0668  2.417946E-15
5396.4231  2.392405E-15
5396.7794  2.228325E-15
5397.1356  2.245217E-15
5397.4919  2.283399E-15
5397.8482  2.586435E-15
5398.2044  2.363838E-15
5398.5607  2.563635E-15
5398.9170  2.391079E-15
5399.2733  2.592924E-15
5399.6295  2.331887E-15
5399.9858  2.419080E-15
5400.3421  2.330922E-15
5400.6984  2.494065E-15
5401.0546  2.518291E-15
5401.4109  2.514977E-15
5401.7672  2.296175E-15
5402.1234  2.532053E-15
5402.4797  2.402532E-15
5402.8360  2.492673E-15
5403.1923  2.571493E-15
5403.5485  2.594918E-15
5403.9048  2.727999E-15
5404.2611  2.394577E-15
5404.6173  2.561059E-15
5404.9736  2.460026E-15
5405.3299  2.238975E-15
5405.6862  2.280556E-15
5406.0424  2.436669E-15
5406.3987  2.502472E-15
5406.7550  2.499953E-15
5407.1112  2.469451E-15
5407.4675  2.738195E-15
5407.8238  2.897028E-15
5408.1801  2.982426E-15
5408.5363  2.950907E-15
5408.8926  2.846594E-15
5409.2489  2.774532E-15
5409.6052  2.679071E-15
5409.9614  2.745786E-15
5410.3177  2.500439E-15
5410.6740  2.733529E-15
5411.0302  2.941535E-15
5411.3865  3.991880E-15
5411.7428  8.701514E-15
5412.0991  2.284751E-14
5412.4553  4.681126E-14
5412.8116  6.938700E-14
5413.1679  8.322227E-14
5413.5241  8.277718E-14
5413.8804  6.947633E-14
5414.2367  4.698938E-14
5414.5930  2.199253E-14
5414.9492  7.514476E-15
5415.3055  3.389261E-15
5415.6618  2.894417E-15
5416.0180  2.576856E-15
5416.3743  2.790698E-15
5416.7306  3.041367E-15
5417.0869  2.859076E-15
5417.4431  2.701591E-15
5417.7994  2.558044E-15
5418.1557  2.342027E-15
5418.5120  2.407874E-15
5418.8682  2.757642E-15
5419.2245  2.570930E-15
5419.5808  2.301268E-15
5419.9370  2.366053E-15
5420.2933  2.304737E-15
5420.6496  2.633880E-15
5421.0059  2.598981E-15
5421.3621  2.295077E-15
5421.7184  2.784812E-15
5422.0747  2.840503E-15
5422.4309  2.678068E-15
5422.7872  2.570597E-15
5423.1435  2.529506E-15
5423.4998  2.560567E-15
5423.8560  2.897356E-15
5424.2123  2.763299E-15
5424.5686  2.755217E-15
5424.9248  3.561622E-15
5425.2811  4.071021E-15
5425.6374  4.818783E-15
5425.9937  5.295619E-15
5426.3499  5.483811E-15
5426.7062  4.952011E-15
5427.0625  4.419232E-15
5427.4188  3.798949E-15
5427.7750  3.370200E-15
5428.1313  3.809601E-15
5428.4876  3.930230E-15
5428.8438  3.815949E-15
5429.2001  3.642928E-15
5429.5564  3.312502E-15
5429.9127  2.825022E-15
5430.2689  2.752008E-15
5430.6252  2.701166E-15
5430.9815  2.656070E-15
5431.3377  2.832777E-15
5431.6940  2.570132E-15
5432.0503  2.612207E-15
5432.4066  2.718349E-15
5432.7628  2.664311E-15
5433.1191  2.670674E-15
5433.4754  2.818944E-15
5433.8316  2.592487E-15
5434.1879  2.583565E-15
5434.5442  2.521389E-15
5434.9005  2.568431E-15
5435.2567  2.476671E-15
5435.6130  2.300128E-15
5435.9693  2.329506E-15
5436.3256  2.625785E-15
5436.6818  2.476888E-15
5437.0381  2.461909E-15
5437.3944  2.363724E-15
5437.7506  2.394893E-15
5438.1069  2.485997E-15
5438.4632  2.680093E-15
5438.8195  2.612312E-15
5439.1757  2.549450E-15
5439.5320  2.761591E-15
5439.8883  2.737710E-15
5440.2445  2.642522E-15
5440.6008  2.662115E-15
5440.9571  2.558357E-15
5441.3134  2.707154E-15
5441.6696  2.702798E-15
5442.0259  2.617153E-15
5442.3822  2.996384E-15
5442.7384  2.872914E-15
5443.0947  2.345819E-15
5443.4510  2.637605E-15
5443.8073  2.576878E-15
5444.1635  2.620259E-15
5444.5198  2.783770E-15
5444.8761  2.672680E-15
5445.2324  2.536586E-15
5445.5886  2.637981E-15
5445.9449  2.591608E-15
5446.3012  2.383299E-15
5446.6574  2.336773E-15
5447.0137  2.521473E-15
5447.3700  2.637834E-15
5447.7263  2.591329E-15
5448.0825  2.721231E-15
5448.4388  2.496560E-15
5448.7951  2.597553E-15
5449.1513  2.458754E-15
5449.5076  2.491063E-15
5449.8639  2.777857E-15
5450.2202  2.598532E-15
5450.5764  2.694276E-15
5450.9327  2.620583E-15
5451.2890  2.543956E-15
5451.6452  2.822831E-15
5452.0015  2.731440E-15
5452.3578  2.836782E-15
5452.7141  2.686184E-15
5453.0703  2.736979E-15
5453.4266  2.712797E-15
5453.7829  2.840375E-15
5454.1392  2.804679E-15
5454.4954  2.732932E-15
5454.8517  2.649510E-15
5455.2080  2.855643E-15
5455.5642  2.689078E-15
5455.9205  2.452180E-15
5456.2768  2.248234E-15
5456.6331  2.399420E-15
5456.9893  2.674059E-15
5457.3456  2.608553E-15
5457.7019  2.514978E-15
5458.0581  2.755521E-15
5458.4144  2.654956E-15
5458.7707  2.771251E-15
5459.1270  2.771971E-15
5459.4832  2.874640E-15
5459.8395  2.648194E-15
5460.1958  2.743845E-15
5460.5520  2.922136E-15
5460.9083  2.846104E-15
5461.2646  2.774914E-15
5461.6209  2.953908E-15
5461.9771  3.029534E-15
5462.3334  2.852846E-15
5462.6897  2.989358E-15
5463.0460  2.728031E-15
5463.4022  2.969779E-15
5463.7585  2.659688E-15
5464.1148  2.503862E-15
5464.4710  2.636804E-15
5464.8273  3.078391E-15
5465.1836  2.696041E-15
5465.5399  2.530578E-15
5465.8961  2.945149E-15
5466.2524  2.842019E-15
5466.6087  3.012001E-15
5466.9649  3.007138E-15
5467.3212  2.827678E-15
5467.6775  2.825713E-15
5468.0338  2.861769E-15
5468.3900  2.649017E-15
5468.7463  2.691798E-15
5469.1026  3.127430E-15
5469.4588  3.080327E-15
5469.8151  2.734371E-15
5470.1714  3.107039E-15
5470.5277  3.194921E-15
5470.8839  2.855978E-15
5471.2402  3.041566E-15
5471.5965  3.252210E-15
5471.9528  3.316179E-15
5472.3090  3.371815E-15
5472.6653  3.459905E-15
5473.0216  3.481749E-15
5473.3778  3.152981E-15
5473.7341  2.820615E-15
5474.0904  2.865624E-15
5474.4467  2.482462E-15
5474.8029  2.679947E-15
5475.1592  2.676048E-15
5475.5155  2.596955E-15
5475.8717  2.977807E-15
5476.2280  2.904064E-15
5476.5843  2.498235E-15
5476.9406  2.674631E-15
5477.2968  2.802301E-15
5477.6531  2.843610E-15
5478.0094  2.903826E-15
5478.3656  2.851076E-15
5478.7219  2.849502E-15
5479.0782  2.636538E-15
5479.4345  2.843953E-15
5479.7907  2.890506E-15
5480.1470  2.603505E-15
5480.5033  2.500332E-15
5480.8596  2.735773E-15
5481.2158  2.700428E-15
5481.5721  2.492888E-15
5481.9284  2.828370E-15
5482.2846  2.912246E-15
5482.6409  3.019941E-15
5482.9972  2.762969E-15
5483.3535  2.980322E-15
5483.7097  2.954143E-15
5484.0660  2.799093E-15
5484.4223  2.785007E-15
5484.7785  2.723163E-15
5485.1348  2.368882E-15
5485.4911  3.075359E-15
5485.8474  3.636599E-15
5486.2036  4.290573E-15
5486.5599  4.536632E-15
5486.9162  4.959724E-15
5487.2724  4.902314E-15
5487.6287  4.348524E-15
5487.9850  3.695339E-15
5488.3413  2.568619E-15
5488.6975  2.653032E-15
5489.0538  2.937484E-15
5489.4101  2.602913E-15
5489.7664  2.414905E-15
5490.1226  2.790150E-15
5490.4789  2.811222E-15
5490.8352  2.641075E-15
5491.1914  2.653068E-15
5491.5477  2.531916E-15
5491.9040  2.563136E-15
5492.2603  2.814110E-15
5492.6165  2.553834E-15
5492.9728  2.490201E-15
5493.3291  2.884475E-15
5493.6853  2.654773E-15
5494.0416  2.631994E-15
5494.3979  2.733104E-15
5494.7542  2.620415E-15
5495.1104  2.639891E-15
5495.4667  2.714140E-15
5495.8230  2.530843E-15
5496.1792  2.529540E-15
5496.5355  2.759020E-15
5496.8918  2.708078E-15
5497.2481  2.707639E-15
5497.6043  2.696591E-15
5497.9606  2.708632E-15
5498.3169  2.574832E-15
5498.6732  2.619091E-15
5499.0294  2.424202E-15
5499.3857  2.474068E-15
5499.7420  2.572470E-15
5500.0982  2.626483E-15
5500.4545  2.683973E-15
5500.8108  2.595636E-15
5501.1671  2.519222E-15
5501.5233  2.465220E-15
5501.8796  2.529833E-15
5502.2359  2.397481E-15
5502.5921  2.612940E-15
5502.9484  2.608417E-15
5503.3047  2.639455E-15
5503.6610  2.770007E-15
5504.0172  2.888923E-15
5504.3735  2.777573E-15
5504.7298  2.524461E-15
5505.0860  2.444829E-15
5505.4423  2.652698E-15
5505.7986  2.876078E-15
5506.1549  2.766317E-15
5506.5111  2.642632E-15
5506.8674  2.751623E-15
5507.2237  2.504312E-15
5507.5800  2.903769E-15
5507.9362  2.636856E-15
5508.2925  2.616857E-15
5508.6488  2.792510E-15
5509.0050  2.413119E-15
5509.3613  2.742504E-15
5509.7176  2.656444E-15
5510.0739  2.683447E-15
5510.4301  2.594311E-15
5510.7864  2.865580E-15
5511.1427  2.519191E-15
5511.4989  2.595008E-15
5511.8552  2.531274E-15
5512.2115  2.447795E-15
5512.5678  2.672067E-15
5512.9240  2.769562E-15
5513.2803  2.699700E-15
5513.6366  2.525223E-15
5513.9928  2.625560E-15
5514.3491  2.587382E-15
5514.7054  2.921087E-15
5515.0617  2.790497E-15
5515.4179  3.013156E-15
5515.7742  2.904290E-15
5516.1305  2.589302E-15
5516.4868  2.869750E-15
5516.8430  2.965929E-15
5517.1993  2.479592E-15
5517.5556  2.581577E-15
5517.9118  2.661403E-15
5518.2681  3.790483E-15
5518.6244  5.011638E-15
5518.9807  7.188935E-15
5519.3369  7.982162E-15
5519.6932  8.428466E-15
5520.0495  7.960504E-15
5520.4057  6.254797E-15
5520.7620  4.241553E-15
5521.1183  3.302212E-15
5521.4746  2.952083E-15
5521.8308  2.840143E-15
5522.1871  3.138083E-15
5522.5434  2.774592E-15
5522.8996  3.182905E-15
5523.2559  2.945794E-15
5523.6122  2.763195E-15
5523.9685  2.656834E-15
5524.3247  2.583413E-15
5524.6810  2.537463E-15
5525.0373  2.529395E-15
5525.3936  2.480918E-15
5525.7498  2.693525E-15
5526.1061  2.484401E-15
5526.4624  2.703446E-15
5526.8186  2.743015E-15
5527.1749  2.499893E-15
5527.5312  2.537821E-15
5527.8875  3.087970E-15
5528.2437  2.738940E-15
5528.6000  2.916876E-15
5528.9563  2.894250E-15
5529.3125  2.715619E-15
5529.6688  2.631316E-15
5530.0251  2.877946E-15
5530.3814  2.835324E-15
5530.7376  2.881811E-15
5531.0939  2.653661E-15
5531.4502  2.799525E-15
5531.8064  2.920400E-15
5532.1627  2.815267E-15
5532.5190  2.935700E-15
5532.8753  2.829117E-15
5533.2315  2.632289E-15
5533.5878  2.840925E-15
5533.9441  2.734511E-15
5534.3004  2.819713E-15
5534.6566  2.713132E-15
5535.0129  2.582004E-15
5535.3692  2.662627E-15
5535.7254  2.763277E-15
5536.0817  2.617465E-15
5536.4380  3.087576E-15
5536.7943  2.630279E-15
5537.1505  2.641887E-15
5537.5068  3.440195E-15
5537.8631  3.341225E-15
5538.2193  3.664645E-15
5538.5756  4.638736E-15
5538.9319  6.146166E-15
5539.2882  7.387030E-15
5539.6444  8.512581E-15
5540.0007  8.098072E-15
5540.3570  7.507443E-15
5540.7132  5.701970E-15
5541.0695  3.637811E-15
5541.4258  2.954402E-15
5541.7821  2.707305E-15
5542.1383  2.366867E-15
5542.4946  2.698142E-15
5542.8509  2.637890E-15
5543.2072  2.589248E-15
5543.5634  2.814082E-15
5543.9197  3.027345E-15
5544.2760  2.916369E-15
5544.6322  2.869864E-15
5544.9885  2.920613E-15
5545.3448  2.744498E-15
5545.7011  3.036627E-15
5546.0573  2.857598E-15
5546.4136  2.474490E-15
5546.7699  2.496377E-15
5547.1261  2.745954E-15
5547.4824  2.897683E-15
5547.8387  2.708793E-15
5548.1950  2.849892E-15
5548.5512  2.593041E-15
5548.9075  2.751042E-15
5549.2638  2.821617E-15
5549.6200  2.980999E-15
5549.9763  2.731607E-15
5550.3326  2.420820E-15
5550.6889  2.578246E-15
5551.0451  2.735762E-15
5551.4014  2.724450E-15
5551.7577  2.862943E-15
5552.1140  2.582094E-15
5552.4702  2.583913E-15
5552.8265  2.525686E-15
5553.1828  2.858016E-15
5553.5390  2.983625E-15
5553.8953  2.637560E-15
5554.2516  2.757533E-15
5554.6079  3.220387E-15
5554.9641  2.891449E-15
5555.3204  2.855493E-15
5555.6767  2.989214E-15
5556.0329  2.997384E-15
5556.3892  2.664725E-15
5556.7455  3.106930E-15
5557.1018  3.001094E-15
5557.4580  2.958338E-15
5557.8143  3.224611E-15
5558.1706  2.934617E-15
5558.5268  2.761408E-15
5558.8831  2.907800E-15
5559.2394  3.000502E-15
5559.5957  3.295696E-15
5559.9519  3.085423E-15
5560.3082  3.174648E-15
5560.6645  2.871934E-15
5561.0208  2.904789E-15
5561.3770  3.418729E-15
5561.7333  2.901974E-15
5562.0896  3.175221E-15
5562.4458  3.074738E-15
5562.8021  3.031342E-15
5563.1584  2.888995E-15
5563.5147  2.270112E-15
5563.8709  2.921348E-15
5564.2272  2.873219E-15
5564.5835  2.982416E-15
5564.9397  2.917778E-15
5565.2960  3.045574E-15
5565.6523  3.218209E-15
5566.0086  3.001787E-15
5566.3648  2.924360E-15
5566.7211  3.365690E-15
5567.0774  2.861494E-15
5567.4336  3.523552E-15
5567.7899  3.118565E-15
5568.1462  3.003564E-15
5568.5025  2.999873E-15
5568.8587  3.298737E-15
5569.2150  3.357511E-15
5569.5713  3.407647E-15
5569.9276  3.219347E-15
5570.2838  3.369675E-15
5570.6401  3.842293E-15
5570.9964  3.157894E-15
5571.3526  3.337892E-15
5571.7089  3.141131E-15
5572.0652  3.243402E-15
5572.4215  2.814561E-15
5572.7777  2.972445E-15
5573.1340  3.658687E-15
5573.4903  3.599432E-15
5573.8465  3.609631E-15
5574.2028  3.749081E-15
5574.5591  3.446360E-15
5574.9154  3.677193E-15
5575.2716  3.498999E-15
5575.6279  3.411144E-15
5575.9842  2.977337E-18
5576.3404  4.069383E-15
5576.6967  2.586812E-14
5577.0530  1.108544E-13
5577.4093  1.775256E-13
5577.7655  1.326745E-13
5578.1218  1.693608E-13
5578.4781  1.438264E-13
5578.8344  4.515671E-14
5579.1906  7.381514E-15
5579.5469  4.507549E-15
5579.9032  4.377784E-15
5580.2594  3.758830E-15
5580.6157  3.469886E-15
5580.9720  3.826151E-15
5581.3283  3.525613E-15
5581.6845  3.615428E-15
5582.0408  3.815704E-15
5582.3971  4.068747E-15
5582.7533  4.523473E-15
5583.1096  2.705620E-15
5583.4659  3.205706E-15
5583.8222  3.412837E-15
5584.1784  2.867482E-15
5584.5347  3.716562E-15
5584.8910  3.154103E-15
5585.2472  3.979408E-15
5585.6035  2.535393E-15
5585.9598  2.592726E-15
5586.3161  2.814992E-15
5586.6723  2.473989E-15
5587.0286  4.586382E-15
5587.3849  2.216408E-15
5587.7412  2.391236E-15
5588.0974  2.977913E-15
5588.4537  2.430577E-15
5588.8100  2.298117E-15
5589.1662  3.521173E-15
5589.5225  0.
